143.660
143.645
143.710
143.758
143.951
143.909
143.952
144.070
144.043
143.980
144.025
144.081
144.060
144.072
144.050
144.011
144.011
144.011
143.987
143.970
143.925
143.855
143.848
143.812
143.816
143.883
143.960
143.950
143.980
143.963
143.903
143.963
143.916
143.889
144.017
144.024
143.956
144.011
144.042
144.057
144.079
144.051
144.024
144.084
144.085
144.141
144.106
144.088
144.131
144.102
144.100
144.119
144.059
144.069
144.099
144.072
144.131
144.120
144.129
144.010
144.028
143.939
143.876
143.939
143.987
143.898
143.890
143.875
143.871
143.872
143.945
143.980
143.989
143.997
143.966
143.926
143.952
143.950
143.940
143.941
143.938
143.932
143.928
143.903
143.923
143.929
143.952
143.953
143.941
143.939
143.924
143.875
143.775
143.827
143.865
143.881
143.889
143.856
143.840
143.778
143.728
143.768
143.798
143.794
143.780
143.766
144.104
144.042
143.974
143.925
143.968
143.993
144.041
143.994
144.001
144.009
143.888
144.027
144.069
144.050
143.977
146.492
146.728
146.865
143.977
147.316
147.488
147.261
146.998
146.987
147.172
147.430
147.398
147.481
147.542
147.618
147.653
147.587
147.612
147.620
147.585
147.496
147.454
147.490
147.448
147.479
147.594
147.693
147.769
147.763
147.775
147.777
147.776
147.779
147.786
147.816
147.862
147.882
147.869
147.869
147.876
147.882
147.885
147.878
147.915
147.924
147.929
147.877
147.907
147.873
147.836
147.339
147.331
147.360
147.429
147.376
147.400
147.602
147.605
147.458
147.430
147.422
147.403
147.324
147.432
147.491
147.526
147.552
147.489
147.382
147.469
147.441
147.482
147.498
147.476
147.474
147.487
147.452
147.699
147.587
147.647
147.636
147.570
147.548
147.550
147.523
147.493
147.469
147.445
147.336
147.430
147.508
147.540
147.452
147.460
147.476
147.456
147.484
147.489
147.508
147.461
147.423
147.439
147.435
147.427
147.336
147.275
147.297
147.299
147.333
147.338
147.406
147.456
147.436
147.454
147.443
147.434
147.429
147.445
147.427
147.496
147.488
147.478
147.359
147.298
147.302
147.252
147.242
147.251
147.229
147.239
147.342
147.355
147.318
147.296
147.277
147.242
147.258
147.264
147.288
147.308
147.302
147.269
147.298
147.353
147.430
147.469
147.405
147.337
147.354
147.349
147.344
147.345
147.333
147.323
147.326
147.344
147.320
147.319
147.268
147.270
147.298
147.273
147.267
147.260
147.270
147.275
147.295
147.315
147.294
147.332
147.347
147.376
147.317
147.320
147.337
147.345
147.360
147.406
147.436
147.448
147.456
147.448
147.409
147.377
147.435
147.439
147.412
147.409
147.454
147.442
147.422
147.445
147.437
147.474
147.415
147.432
147.411
147.408
147.395
147.379
147.389
147.398
147.479
147.571
147.555
147.549
147.582
147.591
147.566
147.546
147.589
147.596
147.596
147.596
147.624
147.618
147.658
147.647
147.636
147.627
147.605
147.594
147.607
147.622
147.639
147.669
147.684
147.749
147.782
147.808
147.805
147.856
147.851
147.821
147.802
147.809
147.795
147.800
147.811
147.817
147.819
147.833
147.829
147.821
147.802
147.827
147.823
147.829
147.832
147.815
147.862
147.891
147.897
147.960
147.935
147.887
147.861
147.886
147.868
147.810
147.798
147.760
147.783
147.774
147.768
147.758
147.767
147.737
147.736
147.717
147.654
147.617
147.624
147.641
147.643
147.623
147.621
147.640
147.727
147.725
147.746
147.705
147.684
147.705
147.684
147.671
147.660
147.680
147.671
147.695
147.645
147.637
147.650
147.652
147.655
147.655
147.664
147.670
147.662
147.673
147.666
147.681
147.667
147.677
147.701
147.692
147.671
147.670
147.676
147.621
147.597
147.597
147.594
147.517
147.499
147.373
147.459
147.514
147.503
147.444
147.404
147.364
147.413
147.515
147.467
147.457
147.465
147.565
147.582
147.522
147.557
147.581
147.537
147.563
147.571
147.566
147.560
147.556
147.556
147.592
147.592
147.609
147.650
147.645
147.652
147.693
147.688
147.693
147.685
147.701
147.667
147.655
147.663
147.652
147.664
147.638
147.668
147.696
147.725
147.726
147.711
147.727
147.718
147.711
147.712
147.698
147.675
147.674
147.683
147.683
147.676
147.626
147.608
147.557
147.581
147.600
147.566
147.588
147.615
147.617
147.582
147.586
147.542
147.541
147.540
147.564
147.552
147.528
147.575
147.558
147.546
147.501
147.520
147.521
147.553
147.560
147.558
147.572
147.566
147.575
147.513
147.528
147.547
147.535
147.537
147.541
147.549
147.550
147.550
147.571
147.562
147.577
147.575
147.554
147.558
147.564
147.556
147.539
147.517
147.584
147.559
147.545
147.554
147.578
147.565
147.619
147.613
147.589
147.586
147.605
147.596
147.587
147.563
147.585
147.588
147.589
147.590
147.596
147.598
147.573
147.551
147.539
147.534
147.587
147.610
147.595
147.594
147.615
147.630
147.626
147.659
147.667
147.674
147.658
147.652
147.667
147.656
147.621
147.624
147.685
147.683
147.661
147.652
147.676
147.682
147.670
147.661
147.626
147.638
147.636
147.609
147.635
147.659
147.654
147.647
147.643
147.659
147.665
147.662
147.622
147.651
147.635
147.601
147.601
147.657
147.683
147.674
147.691
147.686
147.651
147.647
147.646
147.637
147.655
147.625
147.608
147.632
147.625
147.600
147.618
147.643
147.652
147.673
147.653
147.667
147.650
147.623
147.641
147.654
147.634
147.669
147.674
147.686
147.683
147.670
147.682
147.696
147.691
147.643
147.628
147.648
147.651
147.653
147.636
147.652
147.640
147.621
147.610
147.619
147.608
147.593
147.541
147.451
147.441
147.345
147.352
147.416
147.424
147.425
147.486
147.527
147.527
147.473
147.547
147.561
147.518
147.517
147.493
147.465
147.463
147.459
147.396
147.390
147.368
147.394
147.313
147.282
147.304
147.275
147.291
147.272
147.267
147.248
147.247
147.253
147.170
147.148
147.189
147.197
147.324
147.267
147.218
147.220
147.156
147.167
147.146
147.108
147.099
147.098
147.094
147.098
147.174
147.140
147.120
147.121
147.087
147.083
147.089
147.090
147.093
147.088
147.097
147.118
147.213
147.153
147.145
147.119
147.135
147.095
147.167
147.178
147.152
147.161
147.181
147.167
147.146
147.167
147.205
147.185
147.189
147.197
147.164
147.133
147.122
147.121
147.098
147.100
147.061
147.020
147.001
146.951
146.988
146.973
146.984
146.962
147.007
146.998
146.954
146.974
146.968
146.981
147.006
147.035
147.074
147.052
147.048
147.060
147.018
147.039
147.083
147.143
147.111
147.088
147.044
147.044
147.037
146.999
147.012
146.998
147.023
147.017
146.999
146.950
146.948
146.881
146.876
146.878
146.885
146.923
146.876
146.880
146.921
146.915
146.900
146.898
146.906
146.793
146.727
146.763
146.754
146.792
146.756
146.743
146.724
146.663
146.594
146.576
146.533
146.522
146.562
146.567
146.644
146.658
146.697
146.691
146.677
146.716
146.761
146.737
146.773
146.782
146.736
146.760
146.776
146.760
146.804
146.820
146.866
146.894
146.968
146.955
146.970
146.957
147.108
147.099
147.087
147.086
147.031
147.000
147.033
147.077
147.075
147.101
147.131
147.093
147.057
147.040
147.096
147.106
147.102
147.053
147.088
147.058
147.114
147.085
147.117
147.109
147.084
147.131
147.120
147.142
147.153
147.086
147.027
147.074
147.069
147.062
147.058
147.060
147.059
147.127
147.128
147.090
147.040
147.058
147.043
147.028
147.023
146.958
146.985
146.992
147.007
147.009
146.990
146.993
146.952
146.959
146.941
146.899
146.912
146.915
146.903
146.899
146.893
146.882
146.814
146.801
146.826
146.786
146.804
146.851
146.843
146.838
146.772
146.799
146.844
146.845
146.892
146.885
146.873
146.803
146.810
146.781
146.774
146.781
146.762
146.806
146.787
146.771
146.784
146.765
146.774
146.806
146.753
146.790
146.740
146.756
146.751
146.858
146.807
146.804
146.796
146.798
146.786
146.797
146.823
146.806
146.853
146.863
146.894
146.888
146.918
146.918
146.993
146.978
146.967
146.939
146.946
146.930
146.934
146.940
146.934
146.903
146.918
146.903
146.916
146.932
146.920
146.933
146.931
146.942
146.929
146.912
146.947
146.937
146.939
146.858
146.820
146.823
146.823
146.803
146.780
146.778
146.804
146.828
146.818
146.824
146.827
146.822
146.861
146.838
146.848
146.858
146.863
146.877
146.857
146.828
146.836
146.844
146.822
146.808
146.781
146.793
146.799
146.794
146.821
146.813
146.810
146.812
146.811
146.817
146.802
146.791
146.790
146.782
146.775
146.746
146.751
146.794
146.774
146.756
146.771
146.780
146.793
146.801
146.818
146.807
146.770
146.773
146.790
146.782
146.770
146.766
146.735
146.709
146.726
146.746
146.629
146.650
146.574
146.620
146.601
146.652
146.635
146.689
146.676
146.644
146.659
146.663
146.673
146.666
146.636
146.619
146.615
146.623
146.596
146.611
146.582
146.519
146.536
146.565
146.520
146.507
146.512
146.491
146.507
146.558
146.515
146.539
146.487
146.550
146.608
146.596
146.608
146.610
146.612
146.579
146.519
146.510
146.380
146.398
146.323
146.332
146.322
146.365
146.403
146.404
146.360
146.333
146.337
146.316
146.315
146.208
146.167
146.228
146.151
146.100
145.919
146.119
146.102
146.103
146.091
146.152
146.161
146.150
146.144
145.806
145.927
145.971
145.887
145.815
145.882
145.836
145.752
145.700
145.724
145.814
145.823
145.890
145.923
145.939
145.832
145.799
145.821
145.808
145.803
145.750
145.763
145.720
145.718
145.696
145.658
145.597
145.550
145.599
145.604
145.490
145.563
145.635
145.693
145.713
145.720
145.709
145.733
145.803
145.817
145.814
145.770
145.743
145.682
145.674
145.755
145.753
145.738
145.694
145.764
145.734
145.768
145.724
145.797
146.136
146.258
146.346
146.436
146.326
146.250
146.191
146.079
145.948
145.989
145.975
145.951
145.855
145.787
145.790
145.882
145.896
145.931
146.012
145.991
145.966
146.022
146.097
146.033
146.040
146.117
146.084
145.917
145.945
145.898
145.872
145.854
145.796
145.789
145.723
145.694
145.609
145.515
145.594
145.658
145.757
145.687
145.761
145.734
145.762
145.785
145.773
145.730
145.701
145.621
145.719
145.788
145.823
145.774
145.789
145.764
145.848
145.813
145.821
145.830
145.831
145.865
145.798
145.860
145.851
145.815
145.832
145.909
145.977
145.929
145.807
145.767
145.801
145.764
145.748
145.745
145.667
145.636
145.597
145.590
145.550
145.621
145.665
145.646
145.681
145.616
145.629
145.651
145.687
145.653
145.659
145.644
145.677
145.645
145.675
145.654
145.649
145.667
145.669
145.700
145.708
145.694
145.696
145.718
145.736
145.740
145.743
145.743
145.729
145.770
145.793
145.844
145.832
145.872
145.910
145.924
145.918
145.897
145.878
145.853
145.836
145.816
145.830
145.840
145.830
145.817
145.793
145.821
145.828
145.809
145.825
145.836
145.866
145.848
145.850
145.797
145.804
145.805
145.812
145.803
145.807
145.791
145.811
145.802
145.834
145.828
145.812
145.822
145.797
145.787
145.779
145.782
145.781
145.803
145.820
145.825
145.827
145.838
145.821
145.827
145.792
145.814
145.812
145.798
145.771
145.777
145.772
145.781
145.756
145.784
145.753
145.775
145.788
145.743
145.726
145.696
145.629
145.684
145.647
145.684
145.695
145.686
145.694
145.705
145.750
145.752
145.756
145.756
145.740
145.727
145.737
145.705
145.714
145.685
145.665
145.652
145.649
145.617
145.618
145.625
145.611
145.618
145.645
145.656
145.656
145.656
145.667
145.644
145.645
145.654
145.669
145.673
145.671
145.652
145.666
145.685
145.698
145.764
145.744
145.733
145.734
145.736
145.717
145.713
145.694
145.695
145.697
145.695
145.702
145.690
145.730
145.738
145.733
145.710
145.705
145.716
145.749
145.766
145.758
145.760
145.766
145.731
145.731
145.747
145.750
145.794
145.766
145.781
145.749
145.754
145.751
145.772
145.740
145.756
145.738
145.739
145.760
145.751
145.771
145.781
145.767
145.769
145.768
145.765
145.761
145.771
145.770
145.772
145.759
145.785
145.773
145.779
145.771
145.757
145.768
145.767
145.768
145.768
145.774
145.765
145.759
145.754
145.748
145.785
145.773
145.771
145.776
145.787
145.784
145.769
145.777
145.779
145.791
145.786
145.782
145.808
145.809
145.820
145.832
145.846
145.839
145.830
145.820
145.837
145.816
145.815
145.816
145.813
145.826
145.810
145.825
145.840
145.833
145.826
145.814
145.803
145.802
145.792
145.799
145.809
145.848
145.824
145.823
145.828
145.826
145.823
145.841
145.831
145.840
145.832
145.832
145.817
145.831
145.829
145.839
145.830
145.843
145.855
145.861
145.865
145.866
145.870
145.886
145.890
145.885
145.888
145.893
145.896
145.883
145.893
145.907
145.905
145.904
145.904
145.909
145.905
145.925
145.923
145.905
145.914
145.920
145.893
145.881
145.861
145.872
145.878
145.872
145.859
145.868
145.870
145.858
145.866
145.876
145.882
145.881
145.852
145.851
145.872
145.880
145.866
145.863
145.846
145.846
145.862
145.852
145.864
145.822
145.834
145.854
145.859
145.868
145.867
145.877
145.868
145.868
145.853
145.849
145.837
145.853
145.830
145.832
145.830
145.818
145.826
145.829
145.817
145.826
145.823
145.818
145.832
145.848
145.861
145.861
145.861
145.834
145.847
145.834
145.883
145.875
145.903
145.926
145.913
145.916
145.910
145.888
145.900
145.893
145.904
145.910
145.910
145.943
145.946
145.930
145.924
145.927
145.912
145.913
145.941
145.952
145.953
145.955
145.948
145.959
145.959
145.953
145.973
145.978
145.969
145.937
145.946
145.943
145.942
145.946
145.970
145.959
145.972
145.971
145.965
145.953
145.950
145.955
145.952
145.964
145.964
145.971
145.973
145.949
145.966
145.962
145.966
145.971
145.986
145.989
145.992
145.997
146.005
146.003
146.009
146.007
146.004
146.008
146.014
146.029
146.022
146.021
146.024
146.046
146.052
146.053
146.061
146.048
146.056
146.056
146.064
146.083
146.113
146.111
146.135
146.141
146.148
146.156
146.150
146.165
146.152
146.148
146.155
146.143
146.101
146.108
146.114
146.116
146.116
146.122
146.123
146.118
146.125
146.106
146.089
146.088
146.081
146.103
146.085
146.083
146.132
146.126
146.132
146.131
146.121
146.107
146.092
146.084
146.063
146.090
146.068
146.084
146.101
146.097
146.073
146.098
146.113
146.149
146.131
146.136
146.155
146.162
146.145
146.144
146.156
146.149
146.138
146.105
146.112
146.105
146.101
146.107
146.133
146.119
146.115
146.101
146.093
146.074
146.074
146.087
146.070
146.080
146.078
146.072
146.097
146.101
146.095
146.116
146.111
146.126
146.152
146.146
146.134
146.121
146.123
146.099
146.081
146.125
146.112
146.115
146.154
146.149
146.114
146.102
146.106
146.106
146.102
146.111
146.101
146.114
146.103
146.112
146.117
146.156
146.135
146.142
146.145
146.156
146.140
146.149
146.147
146.141
146.145
146.140
146.125
146.127
146.123
146.121
146.117
146.134
146.130
146.129
146.120
146.112
146.097
146.093
146.116
146.120
146.114
146.115
146.106
146.100
146.104
146.118
146.103
146.102
146.116
146.119
146.125
146.127
146.135
146.143
146.129
146.131
146.128
146.130
146.128
146.138
146.143
146.166
146.175
146.222
146.233
146.233
146.218
146.201
146.238
146.247
146.261
146.276
146.309
146.318
146.310
146.313
146.337
146.345
146.374
146.361
146.362
146.391
146.398
146.385
146.386
146.378
146.405
146.384
146.382
146.389
146.376
146.392
146.401
146.398
146.386
146.381
146.384
146.376
146.386
146.376
146.377
146.397
146.399
146.391
146.394
146.402
146.411
146.410
146.487
146.475
146.465
146.476
146.475
146.481
146.474
146.485
146.453
146.467
146.468
146.475
146.475
146.456
146.464
146.462
146.472
146.470
146.467
146.459
146.491
146.506
146.482
146.481
146.486
146.482
146.481
146.481
146.484
146.494
146.504
146.513
146.523
146.503
146.528
146.541
146.554
146.569
146.555
146.561
146.571
146.576
146.576
146.567
146.570
146.557
146.551
146.557
146.557
146.529
146.493
146.502
146.523
146.533
146.537
146.518
146.485
146.503
146.537
146.506
146.510
146.495
146.472
146.471
146.501
146.520
146.485
146.466
146.463
146.462
146.463
146.473
146.481
146.498
146.480
146.480
146.477
146.479
146.480
146.511
146.490
146.483
146.481
146.465
146.474
146.463
146.454
146.451
146.450
146.439
146.452
146.444
146.445
146.441
146.458
146.455
146.452
146.445
146.446
146.464
146.459
146.462
146.454
146.462
146.457
146.454
146.455
146.459
146.460
146.468
146.472
146.469
146.468
146.475
146.465
146.463
146.467
146.470
146.448
146.455
146.445
146.445
146.439
146.438
146.443
146.445
146.448
146.453
146.454
146.473
146.455
146.429
146.441
146.444
146.432
146.435
146.437
146.437
146.433
146.432
146.434
146.439
146.448
146.448
146.445
146.447
146.451
146.451
146.458
146.487
146.482
146.496
146.503
146.510
146.506
146.493
146.491
146.462
146.465
146.486
146.479
146.478
146.467
146.469
146.470
146.460
146.467
146.481
146.490
146.488
146.490
146.489
146.489
146.490
146.482
146.486
146.475
146.462
146.452
146.445
146.441
146.446
146.455
146.445
146.442
146.448
146.446
146.453
146.445
146.464
146.477
146.441
146.443
146.435
146.426
146.441
146.440
146.443
146.443
146.454
146.445
146.442
146.442
146.451
146.458
146.435
146.438
146.453
146.445
146.455
146.448
146.444
146.451
146.457
146.440
146.442
146.445
146.455
146.446
146.448
146.444
146.442
146.442
146.440
146.441
146.442
146.474
146.476
146.475
146.496
146.527
146.529
146.521
146.521
146.522
146.531
146.560
146.593
146.648
146.684
146.630
146.745
146.751
146.735
146.751
146.778
146.732
146.749
146.732
146.785
146.753
146.746
146.709
146.721
146.686
146.681
146.687
146.702
146.715
146.754
146.732
146.736
146.729
146.717
146.733
146.720
146.726
146.735
146.737
146.711
146.698
146.683
146.669
146.672
146.680
146.738
146.725
146.712
146.705
146.699
146.661
146.676
146.673
146.707
146.713
146.697
146.665
146.594
146.607
146.554
146.582
146.558
146.529
146.548
146.499
146.471
146.467
146.452
146.476
146.509
146.514
146.507
146.534
146.546
146.546
146.575
146.555
146.540
146.532
146.503
146.471
146.441
146.450
146.437
146.429
146.474
146.437
146.393
146.381
146.358
146.389
146.393
146.417
146.394
146.395
146.367
146.389
146.433
146.443
146.442
146.458
146.481
146.418
146.429
146.467
146.455
146.453
146.463
146.483
146.464
146.419
146.434
146.436
146.444
146.478
146.520
146.542
146.534
146.549
146.496
146.476
146.509
146.460
146.432
146.459
146.428
146.445
146.384
146.387
146.360
146.339
146.303
146.327
146.314
146.353
146.304
146.346
146.324
146.338
146.325
146.302
146.274
146.269
146.194
146.229
146.226
146.219
146.252
146.243
146.226
146.196
146.193
146.100
146.182
146.139
146.105
146.130
146.143
146.150
146.174
146.201
146.205
146.171
146.160
146.098
146.099
146.141
146.125
146.125
146.054
145.998
145.991
146.081
146.076
146.110
146.110
146.086
146.033
146.058
146.019
146.052
146.011
146.031
146.040
146.067
146.055
146.037
146.003
145.994
145.999
145.957
145.884
145.835
145.867
145.869
145.887
145.902
145.926
145.898
145.901
145.905
145.907
145.953
145.976
146.025
146.060
146.059
145.991
145.974
146.040
146.011
146.038
146.047
145.997
146.013
146.018
146.019
145.995
146.009
146.024
145.987
146.061
146.053
146.028
145.998
145.990
145.991
145.977
146.011
146.032
146.028
146.062
146.065
146.099
146.106
146.119
146.142
146.150
146.174
146.192
146.204
146.191
146.208
146.227
146.240
146.210
146.232
146.237
146.222
146.246
146.239
146.226
146.245
146.207
146.245
146.213
146.233
146.218
146.233
146.286
146.276
146.273
146.298
146.293
146.316
146.321
146.295
146.304
146.287
146.265
146.276
146.279
146.284
146.264
146.268
146.261
146.256
146.244
146.185
146.191
146.198
146.228
146.240
146.264
146.294
146.271
146.259
146.263
146.281
146.278
146.233
146.271
146.265
146.260
146.246
146.247
146.269
146.248
146.262
146.261
146.250
146.259
146.263
146.282
146.310
146.295
146.328
146.328
146.339
146.386
146.379
146.390
146.382
146.369
146.352
146.332
146.366
146.371
146.360
146.370
146.358
146.368
146.349
146.343
146.324
146.316
146.315
146.322
146.302
146.316
146.297
146.269
146.303
146.298
146.344
146.351
146.356
146.358
146.374
146.384
146.373
146.393
146.386
146.373
146.394
146.368
146.366
146.344
146.325
146.338
146.329
146.327
146.365
146.356
146.327
146.329
146.315
146.348
146.334
146.331
146.343
146.335
146.360
146.384
146.381
146.371
146.380
146.417
146.415
146.428
146.398
146.399
146.397
146.378
146.360
146.376
146.382
146.383
146.385
146.406
146.394
146.379
146.354
146.303
146.306
146.285
146.306
146.297
146.305
146.282
146.290
146.265
146.247
146.228
146.238
146.241
146.226
146.195
146.180
146.147
146.128
146.064
146.060
146.056
146.030
146.038
146.012
146.008
146.024
146.039
146.086
146.103
146.055
146.037
145.986
145.983
145.992
146.007
146.055
146.046
146.040
146.054
146.070
146.092
146.111
146.093
146.078
146.103
146.085
146.081
146.053
146.035
145.973
145.915
145.953
145.949
145.954
145.972
145.995
146.039
146.044
146.023
145.991
146.000
146.014
145.961
145.968
145.939
145.940
145.925
145.929
145.870
145.875
145.915
145.955
145.969
145.953
145.961
145.951
145.963
145.956
145.951
145.951
145.965
145.963
145.962
146.030
146.012
146.010
146.031
146.006
146.024
146.046
146.064
146.031
146.028
146.019
146.057
146.080
146.051
146.035
146.035
146.045
146.046
146.023
146.048
146.041
146.061
146.024
146.015
145.989
145.913
145.934
145.974
145.958
145.987
145.991
146.008
146.047
146.065
146.004
145.997
146.049
146.070
146.185
146.187
146.199
146.274
146.339
146.288
146.231
146.246
146.222
146.179
146.179
146.168
146.202
146.189
146.171
146.204
146.218
146.246
146.197
146.231
146.219
146.208
146.186
146.252
146.238
146.220
146.211
146.199
146.160
146.181
146.190
146.172
146.172
146.185
146.144
146.133
146.124
146.150
146.145
146.149
146.157
146.155
146.158
146.174
146.188
146.162
146.182
146.187
146.146
146.143
146.127
146.126
146.113
146.193
146.188
146.186
146.193
146.247
146.269
146.228
146.214
146.185
146.147
146.148
146.138
146.183
146.133
146.162
146.177
146.195
146.232
146.197
146.230
146.224
146.227
146.204
146.191
146.162
146.198
146.206
146.173
146.174
146.198
146.153
146.161
146.184
146.154
146.186
146.178
146.206
146.151
146.141
146.163
146.150
146.151
146.183
146.211
146.217
146.227
146.244
146.277
146.259
146.246
146.255
146.258
146.265
146.252
146.246
146.246
146.218
146.210
146.203
146.168
146.197
146.161
146.162
146.157
146.165
146.153
146.143
146.141
146.113
146.132
146.125
146.120
146.095
146.107
146.133
146.119
146.118
146.084
146.102
146.104
146.099
146.096
146.094
146.117
146.149
146.148
146.143
146.111
146.109
146.122
146.118
146.117
146.116
146.121
146.139
146.145
146.131
146.129
146.130
146.132
146.121
146.156
146.149
146.121
146.117
146.117
146.118
146.111
146.118
146.125
146.125
146.088
146.080
146.082
146.090
146.095
146.096
146.071
146.093
146.085
146.084
146.089
146.091
146.058
146.068
146.051
146.056
146.058
146.063
146.042
146.045
146.050
146.058
146.065
146.074
146.069
146.080
146.090
146.091
146.096
146.091
146.076
146.088
146.078
146.090
146.092
146.078
146.083
146.094
146.097
146.090
146.100
146.096
146.100
146.119
146.125
146.132
146.120
146.116
146.112
146.130
146.150
146.153
146.163
146.168
146.176
146.170
146.188
146.168
146.175
146.188
146.210
146.222
146.223
146.250
146.250
146.242
146.236
146.226
146.230
146.252
146.274
146.264
146.280
146.290
146.294
146.275
146.264
146.282
146.284
146.295
146.290
146.284
146.270
146.291
146.261
146.250
146.244
146.237
146.224
146.223
146.206
146.208
146.199
146.204
146.220
146.243
146.248
146.251
146.262
146.256
146.256
146.267
146.278
146.279
146.268
146.273
146.273
146.278
146.285
146.284
146.304
146.291
146.287
146.293
146.292
146.295
146.316
146.318
146.341
146.318
146.319
146.299
146.304
146.296
146.291
146.296
146.297
146.300
146.307
146.292
146.309
146.320
146.340
146.349
146.357
146.334
146.339
146.320
146.315
146.314
146.299
146.311
146.333
146.334
146.312
146.298
146.301
146.289
146.287
146.276
146.278
146.265
146.263
146.326
146.321
146.324
146.325
146.308
146.314
146.313
146.292
146.267
146.287
146.275
146.273
146.283
146.276
146.278
146.267
146.272
146.282
146.276
146.280
146.279
146.282
146.262
146.259
146.253
146.245
146.251
146.252
146.252
146.255
146.236
146.232
146.235
146.225
146.222
146.225
146.222
146.222
146.244
146.216
146.216
146.220
146.208
146.202
146.197
146.197
146.195
146.207
146.203
146.213
146.211
146.210
146.213
146.212
146.214
146.211
146.212
146.207
146.216
146.217
146.214
146.211
146.204
146.195
146.197
146.199
146.199
146.184
146.192
146.157
146.163
146.150
146.141
146.142
146.141
146.112
146.104
146.110
146.110
146.115
146.121
146.117
146.101
146.111
146.110
146.113
146.113
146.107
146.101
146.079
146.080
146.079
146.086
146.086
146.103
146.117
146.130
146.137
146.203
146.165
146.139
146.126
146.115
146.151
146.127
146.117
146.119
146.122
146.113
146.115
146.113
146.118
146.111
146.117
146.110
146.111
146.112
146.121
146.103
146.097
146.105
146.104
146.109
146.109
146.093
146.075
146.078
146.066
146.065
146.070
146.066
146.055
146.044
146.026
146.024
145.967
145.877
145.916
145.903
145.891
145.842
145.825
145.716
145.558
145.638
145.701
145.695
145.650
145.648
145.645
145.591
145.589
145.620
145.639
145.654
145.651
145.660
145.621
145.628
145.638
145.607
145.558
145.570
145.554
145.554
145.570
145.572
145.571
145.557
145.542
145.530
145.494
145.458
145.471
145.457
145.426
145.413
145.201
145.273
145.246
145.198
145.199
145.326
145.316
145.326
145.333
145.292
145.295
145.301
145.280
145.263
145.267
145.240
145.313
145.259
145.267
145.246
145.359
145.352
145.435
145.365
145.398
145.428
145.448
145.436
145.407
145.383
145.373
145.440
145.451
145.432
145.452
145.439
145.454
145.453
145.457
145.474
145.441
145.438
145.419
145.433
145.432
145.423
145.435
145.427
145.409
145.404
145.398
145.388
145.370
145.380
145.392
145.412
145.429
145.460
145.447
145.453
145.457
145.427
145.438
145.429
145.427
145.442
145.437
145.456
145.469
145.482
145.479
145.474
145.465
145.464
145.465
145.460
145.460
145.452
145.444
145.401
145.392
145.407
145.453
145.438
145.459
145.439
145.471
145.468
145.472
145.502
145.504
145.536
145.594
145.599
145.583
145.583
145.590
145.580
145.554
145.555
145.554
145.582
145.577
145.590
145.575
145.556
145.552
145.560
145.546
145.522
145.519
145.547
145.534
145.524
145.538
145.530
145.543
145.544
145.533
145.548
145.533
145.534
145.545
145.545
145.557
145.558
145.543
145.520
145.517
145.508
145.505
145.496
145.513
145.502
145.498
145.493
145.473
145.435
145.437
145.450
145.432
145.448
145.457
145.466
145.479
145.483
145.468
145.470
145.498
145.514
145.521
145.503
145.503
145.510
145.517
145.513
145.518
145.503
145.489
145.489
145.458
145.457
145.476
145.454
145.454
145.450
145.434
145.441
145.430
145.412
145.429
145.450
145.444
145.461
145.471
145.478
145.476
145.471
145.478
145.498
145.495
145.485
145.489
145.494
145.482
145.483
145.480
145.509
145.511
145.508
145.500
145.511
145.505
145.501
145.501
145.498
145.511
145.511
145.511
145.509
145.503
145.511
145.513
145.522
145.515
145.521
145.523
145.528
145.540
145.545
145.560
145.560
145.578
145.578
145.584
145.586
145.605
145.609
145.630
145.633
145.634
145.633
145.628
145.613
145.606
145.593
145.568
145.583
145.584
145.580
145.575
145.579
145.580
145.580
145.580
145.568
145.568
145.573
145.582
145.598
145.603
145.609
145.609
145.616
145.601
145.607
145.613
145.622
145.611
145.617
145.621
145.634
145.644
145.651
145.646
145.646
145.644
145.610
145.622
145.608
145.630
145.636
145.654
145.669
145.674
145.666
145.655
145.670
145.646
145.652
145.659
145.664
145.662
145.634
145.627
145.613
145.625
145.618
145.624
145.614
145.609
145.616
145.622
145.615
145.638
145.648
145.650
145.639
145.645
145.637
145.636
145.639
145.639
145.641
145.646
145.647
145.654
145.657
145.659
145.665
145.671
145.667
145.664
145.659
145.658
145.665
145.661
145.655
145.680
145.667
145.672
145.662
145.658
145.665
145.674
145.668
145.669
145.667
145.668
145.665
145.663
145.660
145.660
145.667
145.657
145.657
145.664
145.670
145.679
145.681
145.672
145.668
145.685
145.687
145.697
145.705
145.718
145.731
145.741
145.732
145.724
145.719
145.691
145.693
145.693
145.683
145.681
145.682
145.666
145.706
145.692
145.689
145.680
145.685
145.685
145.694
145.691
145.698
145.700
145.721
145.716
145.709
145.694
145.673
145.669
145.668
145.673
145.655
145.664
145.618
145.611
145.612
145.581
145.574
145.555
145.567
145.582
145.582
145.577
145.606
145.595
145.600
145.604
145.604
145.596
145.603
145.614
145.625
145.615
145.645
145.642
145.639
145.639
145.635
145.625
145.611
145.609
145.589
145.583
145.551
145.598
145.535
145.548
145.558
145.518
145.521
145.541
145.533
145.535
145.524
145.491
145.483
145.469
145.467
145.446
145.410
145.456
145.439
145.439
145.450
145.482
145.479
145.459
145.465
145.465
145.464
145.446
145.443
145.423
145.405
145.404
145.358
145.337
145.356
145.330
145.317
145.318
145.326
145.339
145.332
145.344
145.302
145.297
145.332
145.371
145.332
145.330
145.308
145.283
145.238
145.194
145.210
145.233
145.249
145.239
145.209
145.245
145.251
145.219
145.232
145.272
145.252
145.269
145.258
145.260
145.254
145.281
145.272
145.345
145.377
145.383
145.337
145.342
145.322
145.325
145.333
145.357
145.359
145.399
145.389
145.382
145.386
145.416
145.421
145.421
145.438
145.480
145.497
145.437
145.469
145.467
145.445
145.430
145.434
145.417
145.370
145.374
145.363
145.366
145.365
145.362
145.300
145.306
145.257
145.260
145.288
145.295
145.345
145.249
145.266
145.258
145.243
145.256
145.285
145.291
145.284
145.297
145.303
145.281
145.274
145.275
145.264
145.093
145.024
144.905
144.824
144.877
144.884
144.907
144.816
144.701
144.528
144.391
144.500
144.560
144.576
144.386
144.258
144.359
144.354
144.417
144.405
144.411
144.372
144.389
144.379
144.430
144.454
144.503
144.502
144.504
144.535
144.532
144.553
144.567
144.567
144.546
144.575
144.676
144.739
144.772
144.742
144.768
144.740
144.701
144.807
144.798
144.842
144.886
144.845
144.810
144.878
144.890
144.923
144.859
144.842
144.751
144.671
144.652
144.644
144.660
144.631
144.624
144.565
144.560
144.590
144.522
144.495
144.500
144.452
144.453
144.398
144.357
144.353
144.421
144.480
144.568
144.546
144.590
144.586
144.613
144.614
144.600
144.611
144.674
144.665
144.700
144.598
144.524
144.265
144.329
144.385
144.451
144.455
144.493
144.507
144.499
144.521
144.425
144.428
144.467
144.523
144.593
144.604
144.639
144.603
144.630
144.591
144.629
144.664
144.673
144.649
144.733
144.724
144.698
144.674
144.719
144.694
144.759
144.845
144.758
144.815
144.775
144.727
144.743
144.750
144.728
144.752
144.653
144.616
144.639
144.718
144.699
144.690
144.677
144.598
144.588
144.578
144.613
144.606
144.606
144.498
144.552
144.540
144.526
144.544
144.557
144.559
144.592
144.650
144.627
144.657
144.641
144.632
144.638
144.669
144.634
144.638
144.657
144.628
144.608
144.584
144.618
144.664
144.683
144.609
144.601
144.631
144.618
144.563
144.550
144.560
144.599
144.650
144.624
144.613
144.633
144.632
144.638
144.604
144.630
144.604
144.593
144.598
144.602
144.612
144.614
144.657
144.683
144.661
144.670
144.672
144.720
144.718
144.772
144.777
144.791
144.779
144.788
144.759
144.796
144.766
144.721
144.768
144.758
144.760
144.759
144.768
144.768
144.750
144.751
144.696
144.678
144.718
144.732
144.715
144.737
144.706
144.726
144.696
144.712
144.709
144.735
144.730
144.748
144.765
144.764
144.741
144.744
144.734
144.663
144.708
144.698
144.712
144.720
144.717
144.662
144.664
144.649
144.641
144.627
144.554
144.545
144.567
144.591
144.585
144.554
144.571
144.537
144.500
144.507
144.536
144.514
144.586
144.553
144.522
144.520
144.566
144.565
144.594
144.615
144.572
144.586
144.584
144.584
144.567
144.601
144.589
144.595
144.560
144.572
144.565
144.629
144.624
144.621
144.596
144.616
144.621
144.595
144.508
144.541
144.497
144.499
144.481
144.451
144.312
144.245
144.064
144.229
144.303
144.317
144.348
144.354
144.322
144.300
144.317
144.336
144.342
144.332
144.334
144.309
144.325
144.321
144.317
144.322
144.286
144.277
144.279
144.247
144.165
144.195
144.260
144.280
144.263
144.264
144.284
144.210
144.200
144.194
144.137
144.157
144.147
144.149
144.134
144.099
144.143
144.119
144.150
144.172
144.201
144.148
144.169
144.182
144.133
144.058
144.017
144.091
144.085
144.102
144.094
144.043
144.037
144.086
144.046
144.049
144.046
144.072
144.061
144.101
144.155
144.136
144.197
144.170
144.189
144.188
144.196
144.200
144.164
144.173
144.173
144.076
144.098
144.063
144.124
144.124
144.095
144.093
144.094
144.094
144.094
144.065
144.038
144.041
144.078
144.035
144.094
144.088
144.081
144.104
144.099
144.135
144.141
144.141
144.131
144.143
144.138
144.161
144.148
144.150
144.157
144.168
144.191
144.177
144.146
144.114
144.062
144.069
144.105
144.137
144.147
144.160
144.171
144.183
144.192
144.206
144.205
144.153
144.236
144.242
144.296
144.314
144.325
144.357
144.338
144.350
144.362
144.362
144.363
144.389
144.363
144.215
144.300
144.350
144.304
144.326
144.312
144.292
144.314
144.319
144.321
144.325
144.315
144.306
144.294
144.285
144.288
144.320
144.271
144.284
144.260
144.300
144.258
144.263
144.255
144.241
144.256
144.236
144.230
144.238
144.215
144.194
144.168
144.154
144.180
144.191
144.162
144.156
144.119
144.071
144.042
143.979
143.983
143.862
143.969
143.910
143.793
143.793
143.856
143.911
143.881
143.883
143.868
143.846
143.853
143.849
143.857
143.851
143.861
143.871
143.887
143.911
143.911
143.938
143.939
143.959
143.940
143.909
143.938
143.944
143.932
143.901
143.883
143.872
143.864
143.875
143.927
143.922
143.897
143.890
143.892
143.884
143.899
143.878
143.855
143.817
143.652
143.686
143.579
143.643
143.571
143.552
143.520
143.584
143.517
143.569
143.659
143.649
143.638
143.641
143.630
143.598
143.622
143.640
143.644
143.653
143.650
143.657
143.668
143.685
143.707
143.731
143.716
143.690
143.691
143.709
143.741
143.739
143.764
143.770
143.757
143.728
143.720
143.713
143.713
143.679
143.664
143.645
143.648
143.645
143.631
143.601
143.643
143.625
143.594
143.585
143.587
143.594
143.603
143.638
143.608
143.618
143.594
143.576
143.570
143.567
143.564
143.520
143.511
143.555
143.546
143.553
143.559
143.578
143.587
143.583
143.588
143.597
143.606
143.613
143.633
143.693
143.721
143.765
143.764
143.739
143.711
143.723
143.698
143.716
143.713
143.698
143.710
143.734
143.706
143.710
143.693
143.694
143.699
143.686
143.678
143.657
143.648
143.641
143.621
143.637
143.624
143.618
143.636
143.637
143.643
143.640
143.618
143.605
143.607
143.593
143.580
143.624
143.635
143.614
143.634
143.629
143.643
143.629
143.636
143.628
143.628
143.608
143.621
143.626
143.632
143.611
143.633
143.629
143.612
143.622
143.633
143.638
143.637
143.645
143.649
143.640
143.600
143.604
143.604
143.617
143.604
143.614
143.603
143.622
143.620
143.619
143.625
143.641
143.655
143.636
143.623
143.621
143.631
143.625
143.618
143.610
143.611
143.626
143.627
143.636
143.643
143.645
143.670
143.671
143.669
143.709
143.699
143.700
143.703
143.699
143.689
143.697
143.683
143.667
143.670
143.664
143.666
143.647
143.638
143.620
143.597
143.582
143.581
143.591
143.608
143.626
143.634
143.667
143.663
143.660
143.681
143.679
143.696
143.709
143.700
143.710
143.704
143.686
143.687
143.662
143.685
143.716
143.716
143.718
143.715
143.699
143.706
143.706
143.697
143.700
143.736
143.725
143.731
143.730
143.753
143.745
143.761
143.772
143.770
143.768
143.764
143.763
143.765
143.770
143.764
143.768
143.746
143.744
143.763
143.771
143.775
143.762
143.758
143.742
143.748
143.729
143.717
143.723
143.743
143.740
143.736
143.731
143.711
143.688
143.684
143.669
143.663
143.673
143.676
143.681
143.687
143.703
143.696
143.686
143.706
143.761
143.758
143.756
143.741
143.744
143.771
143.802
143.793
143.801
143.784
143.774
143.786
143.840
143.813
143.803
143.803
143.824
143.843
143.867
143.854
143.855
143.864
143.844
143.836
143.854
143.878
143.885
143.892
143.882
143.871
143.855
143.857
143.851
143.828
143.793
143.795
143.784
143.795
143.812
143.800
143.790
143.761
143.774
143.737
143.717
143.721
143.732
143.702
143.686
143.675
143.685
143.695
143.693
143.689
143.712
143.726
143.761
143.740
143.755
143.706
143.743
143.773
143.785
143.841
143.826
143.799
143.803
143.816
143.816
143.802
143.802
143.806
143.793
143.789
143.779
143.793
143.784
143.782
143.845
143.828
143.827
143.823
143.827
143.828
143.809
143.809
143.813
143.847
143.820
143.781
143.818
143.820
143.808
143.807
143.843
143.828
143.817
143.828
143.828
143.830
143.816
143.821
143.818
143.820
143.818
143.828
143.833
143.826
143.833
143.831
143.829
143.841
143.837
143.834
143.799
143.806
143.820
143.822
143.813
143.807
143.804
143.806
143.807
143.811
143.814
143.819
143.818
143.826
143.827
143.828
143.825
143.824
143.823
143.828
143.844
143.850
143.856
143.849
143.855
143.852
143.850
143.862
143.867
143.877
143.879
143.877
143.878
143.875
143.865
143.862
143.843
143.835
143.833
143.835
143.826
143.817
143.815
143.739
143.738
143.744
143.737
143.742
143.730
143.728
143.712
143.709
143.704
143.689
143.684
143.689
143.729
143.741
143.728
143.740
143.736
143.680
143.624
143.622
143.602
143.602
143.569
143.592
143.600
143.621
143.615
143.610
143.622
143.631
143.628
143.628
143.624
143.616
143.610
143.613
143.593
143.577
143.589
143.592
143.597
143.591
143.600
143.568
143.576
143.652
143.635
143.637
143.628
143.613
143.619
143.622
143.635
143.671
143.681
143.662
143.658
143.655
143.637
143.646
143.629
143.606
143.652
143.646
143.639
143.638
143.675
143.678
143.676
143.671
143.685
143.637
143.663
143.643
143.629
143.631
143.613
143.596
143.592
143.583
143.574
143.570
143.564
143.585
143.582
143.585
143.579
143.559
143.564
143.568
143.572
143.576
143.578
143.590
143.596
143.604
143.588
143.592
143.573
143.578
143.550
143.547
143.561
143.561
143.553
143.544
143.551
143.557
143.564
143.577
143.573
143.557
143.547
143.549
143.537
143.533
143.540
143.528
143.503
143.357
143.406
143.431
143.393
143.356
143.381
143.362
143.371
143.385
143.378
143.392
143.385
143.376
143.365
143.346
143.330
143.375
143.373
143.365
143.389
143.380
143.375
143.359
143.377
143.361
143.359
143.350
143.329
143.283
143.286
143.303
143.305
143.314
143.290
143.273
143.217
143.213
143.201
143.137
143.117
143.106
143.119
143.100
143.135
143.139
143.187
143.170
143.205
143.190
143.180
143.226
143.253
143.266
143.281
143.292
143.290
143.286
143.248
143.213
143.215
143.224
143.243
143.263
143.261
143.283
143.302
143.309
143.278
143.298
143.257
143.257
143.240
143.266
143.269
143.273
143.268
143.271
143.278
143.283
143.293
143.277
143.284
143.292
143.287
143.290
143.310
143.312
143.324
143.324
143.335
143.342
143.341
143.341
143.336
143.335
143.337
143.320
143.307
143.304
143.271
143.272
143.286
143.294
143.307
143.325
143.302
143.295
143.320
143.321
143.310
143.317
143.317
143.322
143.314
143.306
143.322
143.353
143.355
143.354
143.356
143.351
143.370
143.372
143.374
143.425
143.424
143.424
143.420
143.415
143.422
143.424
143.441
143.443
143.434
143.444
143.435
143.428
143.420
143.425
143.425
143.435
143.432
143.432
143.434
143.432
143.420
143.418
143.390
143.394
143.390
143.402
143.396
143.406
143.406
143.413
143.407
143.400
143.386
143.382
143.352
143.353
143.341
143.336
143.329
143.316
143.303
143.302
143.281
143.280
143.299
143.291
143.360
143.353
143.352
143.388
143.391
143.393
143.395
143.381
143.382
143.398
143.378
143.386
143.422
143.435
143.433
143.404
143.434
143.414
143.415
143.387
143.381
143.412
143.392
143.357
143.348
143.382
143.414
143.409
143.421
143.428
143.435
143.411
143.384
143.387
143.408
143.403
143.403
143.388
143.388
143.407
143.398
143.355
143.392
143.382
143.390
143.395
143.393
143.400
143.394
143.396
143.348
143.357
143.373
143.377
143.378
143.391
143.400
143.401
143.423
143.443
143.421
143.425
143.439
143.442
143.436
143.444
143.455
143.519
143.527
143.521
143.541
143.533
143.528
143.516
143.499
143.506
143.516
143.535
143.530
143.533
143.523
143.529
143.523
143.538
143.534
143.514
143.518
143.497
143.492
143.503
143.505
143.496
143.489
143.474
143.467
143.443
143.464
143.459
143.470
143.474
143.472
143.471
143.470
143.460
143.479
143.440
143.351
143.390
143.391
143.405
143.370
143.376
143.357
143.318
143.331
143.339
143.327
143.333
143.336
143.392
143.417
143.407
143.411
143.428
143.423
143.410
143.403
143.412
143.407
143.398
143.398
143.443
143.446
143.453
143.469
143.426
143.425
143.429
143.402
143.403
143.404
143.448
143.466
143.494
143.696
143.614
143.582
143.595
143.576
143.566
143.556
143.521
143.603
143.598
143.581
143.586
143.575
143.564
143.557
143.546
143.490
143.485
143.433
143.462
143.470
143.436
143.439
143.503
143.490
143.480
143.514
143.503
143.534
143.555
143.551
143.597
143.621
143.611
143.642
143.655
143.627
143.616
143.612
143.637
143.625
143.645
143.573
143.589
143.565
143.545
143.567
143.543
143.554
143.557
143.496
143.499
143.508
143.482
143.490
143.540
143.493
143.506
143.343
143.247
143.276
143.307
143.237
143.243
143.320
143.250
143.283
143.292
143.385
143.363
