143.665
143.645
143.679
143.757
143.913
143.930
143.955
144.054
144.055
144.010
144.005
144.061
144.061
144.059
144.042
144.045
143.990
143.996
143.990
143.950
143.936
143.894
143.842
143.826
143.803
143.851
143.948
143.949
143.984
143.943
143.927
143.928
143.948
143.889
143.984
144.000
143.998
143.978
144.031
144.044
144.053
144.042
144.022
144.061
144.055
144.128
144.137
144.083
144.099
144.107
144.086
144.092
144.093
144.035
144.079
144.059
144.099
144.115
144.111
144.095
143.995
143.995
143.911
143.899
143.944
143.942
143.858
143.850
143.839
143.840
143.917
143.958
143.949
143.953
143.951
143.918
143.911
143.911
143.916
143.917
143.904
143.896
143.889
143.883
143.876
143.881
143.906
143.911
143.899
143.904
143.905
143.910
143.835
143.797
143.842
143.874
143.850
143.854
143.816
143.794
143.761
143.723
143.767
143.757
143.752
143.741
144.036
144.046
143.990
143.924
143.950
143.949
144.001
143.989
143.973
144.006
143.947
143.944
143.948
143.971
145.862
146.382
146.607
146.683
146.933
147.152
147.289
147.266
147.062
146.878
147.076
147.344
147.251
147.312
147.427
147.513
147.566
147.564
147.518
147.530
147.540
147.502
147.382
147.397
147.367
147.379
147.518
147.603
147.674
147.692
147.694
147.713
147.711
147.706
147.728
147.733
147.790
147.812
147.823
147.823
147.824
147.828
147.831
147.828
147.862
147.879
147.896
147.868
147.856
147.829
147.862
147.769
147.225
147.244
147.302
147.324
147.293
147.514
147.506
147.501
147.394
147.404
147.385
147.371
147.419
147.449
147.500
147.525
147.524
147.524
147.432
147.440
147.449
147.462
147.490
147.467
147.478
147.460
147.663
147.674
147.611
147.640
147.608
147.536
147.522
147.521
147.495
147.468
147.433
147.413
147.416
147.600
147.493
147.521
147.451
147.451
147.434
147.482
147.465
147.502
147.472
147.424
147.419
147.427
147.405
147.393
147.301
147.267
147.268
147.292
147.330
147.365
147.461
147.428
147.439
147.417
147.426
147.414
147.420
147.407
147.485
147.499
147.509
147.438
147.348
147.298
147.266
147.227
147.229
147.233
147.214
147.309
147.362
147.326
147.285
147.274
147.254
147.241
147.249
147.264
147.300
147.273
147.276
147.269
147.341
147.422
147.448
147.451
147.380
147.329
147.329
147.337
147.318
147.322
147.307
147.302
147.317
147.309
147.295
147.280
147.246
147.273
147.268
147.261
147.238
147.236
147.248
147.276
147.288
147.289
147.318
147.319
147.349
147.345
147.297
147.308
147.316
147.327
147.377
147.409
147.425
147.436
147.448
147.437
147.382
147.405
147.447
147.416
147.386
147.423
147.424
147.413
147.415
147.431
147.443
147.441
147.420
147.406
147.384
147.403
147.363
147.366
147.377
147.459
147.532
147.536
147.548
147.597
147.584
147.559
147.568
147.559
147.562
147.587
147.579
147.596
147.602
147.635
147.625
147.614
147.620
147.594
147.585
147.585
147.602
147.622
147.643
147.666
147.725
147.748
147.779
147.797
147.827
147.844
147.820
147.794
147.783
147.780
147.775
147.789
147.816
147.803
147.834
147.800
147.801
147.798
147.796
147.795
147.798
147.806
147.805
147.848
147.867
147.868
147.944
147.945
147.913
147.852
147.865
147.852
147.832
147.789
147.772
147.758
147.773
147.746
147.739
147.736
147.740
147.722
147.704
147.687
147.636
147.602
147.621
147.624
147.604
147.598
147.616
147.695
147.701
147.711
147.706
147.673
147.681
147.671
147.667
147.634
147.648
147.654
147.666
147.661
147.613
147.623
147.634
147.645
147.632
147.640
147.645
147.653
147.645
147.649
147.649
147.652
147.655
147.692
147.676
147.665
147.656
147.665
147.650
147.593
147.576
147.576
147.563
147.513
147.466
147.458
147.481
147.490
147.467
147.401
147.369
147.383
147.509
147.477
147.437
147.437
147.560
147.566
147.543
147.549
147.545
147.549
147.535
147.555
147.546
147.544
147.521
147.520
147.569
147.562
147.577
147.626
147.622
147.641
147.666
147.666
147.711
147.671
147.686
147.670
147.633
147.635
147.635
147.641
147.631
147.648
147.663
147.699
147.697
147.697
147.695
147.716
147.686
147.681
147.685
147.666
147.650
147.652
147.664
147.650
147.643
147.592
147.577
147.538
147.619
147.598
147.557
147.580
147.594
147.600
147.561
147.554
147.519
147.523
147.541
147.547
147.525
147.535
147.543
147.535
147.511
147.483
147.493
147.517
147.527
147.534
147.543
147.542
147.540
147.538
147.495
147.516
147.509
147.514
147.517
147.539
147.518
147.526
147.541
147.544
147.548
147.550
147.542
147.524
147.536
147.534
147.527
147.507
147.550
147.552
147.525
147.531
147.551
147.549
147.586
147.585
147.577
147.576
147.576
147.578
147.568
147.554
147.553
147.550
147.567
147.558
147.567
147.568
147.564
147.542
147.533
147.515
147.561
147.576
147.583
147.565
147.590
147.595
147.593
147.631
147.634
147.651
147.642
147.621
147.639
147.643
147.638
147.598
147.646
147.652
147.641
147.631
147.657
147.645
147.653
147.635
147.625
147.615
147.608
147.599
147.604
147.628
147.631
147.623
147.610
147.626
147.643
147.636
147.626
147.616
147.613
147.604
147.588
147.621
147.651
147.650
147.659
147.673
147.652
147.623
147.620
147.614
147.622
147.641
147.596
147.612
147.601
147.609
147.587
147.610
147.622
147.643
147.641
147.644
147.642
147.620
147.606
147.618
147.615
147.639
147.645
147.669
147.666
147.661
147.655
147.678
147.660
147.668
147.612
147.631
147.628
147.646
147.621
147.627
147.628
147.614
147.600
147.591
147.591
147.604
147.576
147.510
147.440
147.410
147.324
147.393
147.400
147.438
147.459
147.530
147.522
147.494
147.514
147.532
147.540
147.508
147.514
147.457
147.456
147.442
147.424
147.399
147.371
147.365
147.370
147.309
147.272
147.277
147.263
147.269
147.257
147.246
147.242
147.239
147.224
147.170
147.161
147.178
147.309
147.308
147.246
147.200
147.196
147.166
147.144
147.117
147.120
147.098
147.080
147.110
147.153
147.154
147.113
147.107
147.095
147.085
147.090
147.073
147.081
147.074
147.074
147.101
147.196
147.186
147.150
147.114
147.122
147.107
147.187
147.209
147.151
147.154
147.157
147.157
147.191
147.158
147.188
147.187
147.178
147.175
147.174
147.146
147.116
147.113
147.107
147.075
147.070
147.040
147.017
147.010
146.964
146.962
146.960
146.960
146.982
146.984
146.977
146.951
146.962
146.962
146.978
147.010
147.070
147.069
147.054
147.053
147.038
147.013
147.084
147.129
147.130
147.086
147.063
147.026
147.026
147.020
146.989
147.012
147.015
147.007
146.999
146.977
146.929
146.927
146.863
146.887
146.866
146.900
146.901
146.876
146.896
146.907
146.886
146.889
146.893
146.887
146.782
146.776
146.770
146.770
146.766
146.732
146.727
146.698
146.647
146.580
146.547
146.508
146.546
146.562
146.634
146.636
146.675
146.687
146.675
146.725
146.733
146.740
146.780
146.782
146.770
146.736
146.756
146.759
146.796
146.803
146.844
146.871
146.962
146.954
146.959
146.955
147.074
147.084
147.119
147.073
147.068
147.004
147.020
147.057
147.072
147.077
147.124
147.127
147.067
147.029
147.073
147.100
147.116
147.076
147.065
147.059
147.093
147.090
147.096
147.091
147.100
147.126
147.121
147.120
147.131
147.124
147.062
147.072
147.057
147.047
147.045
147.037
147.046
147.102
147.124
147.102
147.063
147.038
147.032
147.054
147.013
147.006
146.961
146.973
146.978
146.999
146.996
146.980
146.973
146.934
146.940
146.919
146.902
146.901
146.902
146.893
146.885
146.871
146.880
146.822
146.814
146.805
146.786
146.845
146.855
146.831
146.811
146.772
146.833
146.846
146.880
146.874
146.884
146.844
146.784
146.787
146.767
146.775
146.766
146.806
146.787
146.766
146.758
146.778
146.759
146.781
146.780
146.775
146.762
146.731
146.752
146.832
146.836
146.786
146.790
146.789
146.780
146.785
146.816
146.828
146.833
146.861
146.869
146.897
146.900
146.906
146.981
146.968
146.989
146.948
146.921
146.923
146.912
146.933
146.917
146.912
146.898
146.895
146.894
146.935
146.911
146.907
146.924
146.917
146.920
146.902
146.931
146.933
146.928
146.910
146.834
146.821
146.802
146.793
146.776
146.764
146.782
146.826
146.801
146.810
146.801
146.804
146.835
146.835
146.827
146.833
146.864
146.868
146.853
146.833
146.813
146.823
146.818
146.804
146.783
146.776
146.772
146.777
146.802
146.804
146.805
146.802
146.799
146.796
146.791
146.776
146.783
146.766
146.762
146.745
146.742
146.771
146.774
146.751
146.763
146.755
146.767
146.799
146.806
146.809
146.788
146.758
146.764
146.775
146.770
146.750
146.758
146.717
146.700
146.725
146.752
146.620
146.638
146.605
146.601
146.627
146.628
146.668
146.686
146.655
146.654
146.649
146.653
146.657
146.642
146.623
146.614
146.614
146.606
146.595
146.592
146.577
146.526
146.542
146.552
146.497
146.501
146.484
146.483
146.535
146.527
146.511
146.489
146.525
146.611
146.591
146.587
146.596
146.594
146.603
146.572
146.512
146.489
146.377
146.369
146.327
146.306
146.366
146.382
146.399
146.393
146.336
146.324
146.317
146.302
146.297
146.182
146.215
146.200
146.155
146.089
146.091
146.102
146.088
146.089
146.140
146.144
146.141
146.152
146.122
145.941
145.990
145.948
145.872
145.867
145.866
145.820
145.722
145.705
145.784
145.810
145.864
145.913
145.930
145.909
145.829
145.800
145.845
145.801
145.779
145.746
145.748
145.710
145.714
145.693
145.659
145.574
145.583
145.609
145.582
145.537
145.622
145.674
145.701
145.697
145.713
145.727
145.783
145.809
145.797
145.790
145.757
145.715
145.670
145.732
145.757
145.726
145.712
145.739
145.747
145.736
145.744
145.789
146.106
146.278
146.351
146.515
146.422
146.324
146.266
146.169
146.073
145.976
145.966
145.958
145.928
145.839
145.774
145.851
145.898
145.923
145.982
146.007
145.972
146.005
146.070
146.066
146.032
146.097
146.162
146.080
145.921
145.929
145.876
145.840
145.827
145.790
145.760
145.695
145.680
145.581
145.612
145.637
145.748
145.732
145.758
145.740
145.757
145.796
145.761
145.762
145.722
145.695
145.706
145.770
145.821
145.811
145.769
145.768
145.841
145.830
145.830
145.823
145.856
145.848
145.835
145.844
145.847
145.838
145.821
145.889
145.978
145.983
145.902
145.805
145.777
145.794
145.762
145.721
145.717
145.640
145.612
145.630
145.570
145.637
145.665
145.649
145.657
145.655
145.608
145.623
145.661
145.673
145.662
145.649
145.651
145.652
145.658
145.647
145.631
145.650
145.645
145.707
145.685
145.684
145.691
145.694
145.714
145.735
145.739
145.733
145.714
145.770
145.780
145.818
145.839
145.850
145.883
145.904
145.905
145.896
145.883
145.869
145.829
145.822
145.808
145.821
145.827
145.809
145.795
145.803
145.804
145.804
145.798
145.820
145.844
145.843
145.828
145.823
145.786
145.794
145.794
145.804
145.791
145.788
145.798
145.797
145.829
145.812
145.806
145.803
145.796
145.778
145.768
145.758
145.758
145.788
145.797
145.802
145.813
145.830
145.810
145.818
145.805
145.792
145.799
145.797
145.771
145.768
145.764
145.768
145.755
145.761
145.758
145.750
145.770
145.772
145.723
145.701
145.673
145.661
145.662
145.663
145.676
145.687
145.675
145.689
145.727
145.735
145.739
145.738
145.745
145.728
145.717
145.714
145.690
145.690
145.662
145.646
145.629
145.625
145.605
145.609
145.607
145.593
145.619
145.632
145.648
145.636
145.645
145.652
145.625
145.635
145.647
145.653
145.655
145.650
145.644
145.664
145.681
145.740
145.746
145.720
145.719
145.718
145.711
145.702
145.689
145.684
145.675
145.675
145.681
145.676
145.710
145.725
145.719
145.714
145.683
145.702
145.740
145.744
145.740
145.750
145.756
145.742
145.711
145.729
145.728
145.773
145.768
145.757
145.756
145.728
145.739
145.747
145.741
145.729
145.732
145.720
145.737
145.733
145.750
145.756
145.753
145.754
145.757
145.743
145.747
145.750
145.751
145.752
145.757
145.760
145.761
145.756
145.755
145.749
145.744
145.752
145.745
145.744
145.751
145.757
145.739
145.740
145.731
145.757
145.759
145.762
145.751
145.763
145.761
145.763
145.752
145.758
145.765
145.772
145.773
145.789
145.801
145.811
145.823
145.823
145.827
145.814
145.803
145.823
145.826
145.799
145.798
145.794
145.799
145.802
145.796
145.812
145.810
145.806
145.804
145.790
145.782
145.773
145.776
145.781
145.820
145.817
145.800
145.802
145.814
145.803
145.816
145.825
145.818
145.816
145.811
145.808
145.808
145.809
145.815
145.818
145.822
145.830
145.835
145.845
145.847
145.850
145.858
145.863
145.860
145.869
145.869
145.873
145.869
145.878
145.888
145.890
145.887
145.880
145.883
145.896
145.905
145.907
145.901
145.892
145.890
145.885
145.858
145.854
145.856
145.849
145.851
145.841
145.839
145.836
145.840
145.838
145.844
145.851
145.854
145.848
145.825
145.839
145.846
145.842
145.828
145.822
145.812
145.828
145.826
145.827
145.829
145.802
145.822
145.828
145.836
145.843
145.843
145.843
145.837
145.830
145.816
145.808
145.821
145.821
145.799
145.799
145.794
145.797
145.798
145.791
145.786
145.780
145.780
145.783
145.797
145.816
145.813
145.806
145.802
145.784
145.794
145.793
145.770
145.788
145.826
145.771
145.773
145.803
145.799
145.794
145.792
145.799
145.800
145.805
145.815
145.828
145.831
145.835
145.813
145.815
145.817
145.861
145.860
145.859
145.865
145.873
145.878
145.896
145.894
145.901
145.908
145.906
145.900
145.882
145.885
145.886
145.886
145.890
145.895
145.907
145.907
145.901
145.898
145.891
145.898
145.898
145.912
145.958
145.922
145.914
145.920
145.930
145.927
145.932
145.934
145.955
145.956
145.963
145.967
145.973
145.978
145.974
145.980
145.974
145.976
145.984
145.993
145.995
145.991
145.996
146.014
146.015
146.029
146.029
146.028
146.029
146.029
146.036
146.051
146.088
146.093
146.109
146.119
146.122
146.129
146.137
146.140
146.137
146.138
146.127
146.125
146.123
146.090
146.091
146.092
146.088
146.097
146.093
146.092
146.094
146.094
146.075
146.067
146.063
146.079
146.073
146.064
146.106
146.115
146.106
146.108
146.103
146.091
146.076
146.069
146.055
146.062
146.067
146.061
146.072
146.071
146.069
146.073
146.091
146.123
146.120
146.117
146.126
146.138
146.133
146.128
146.130
146.131
146.123
146.111
146.098
146.091
146.079
146.088
146.106
146.102
146.097
146.088
146.079
146.068
146.046
146.066
146.062
146.056
146.052
146.056
146.075
146.088
146.079
146.089
146.094
146.111
146.129
146.127
146.140
146.108
146.109
146.100
146.072
146.107
146.104
146.095
146.133
146.129
146.122
146.091
146.082
146.089
146.086
146.085
146.084
146.091
146.095
146.091
146.089
146.133
146.133
146.128
146.121
146.127
146.133
146.124
146.129
146.126
146.126
146.121
146.114
146.103
146.103
146.103
146.097
146.106
146.121
146.107
146.104
146.096
146.086
146.082
146.090
146.095
146.097
146.090
146.089
146.080
146.086
146.092
146.090
146.087
146.092
146.100
146.099
146.103
146.110
146.116
146.116
146.109
146.107
146.112
146.105
146.111
146.115
146.141
146.162
146.193
146.221
146.216
146.207
146.193
146.225
146.219
146.234
146.247
146.282
146.294
146.289
146.300
146.321
146.321
146.382
146.363
146.348
146.377
146.380
146.374
146.362
146.363
146.377
146.377
146.358
146.359
146.364
146.365
146.371
146.376
146.380
146.363
146.363
146.363
146.367
146.362
146.355
146.372
146.370
146.373
146.365
146.373
146.383
146.394
146.461
146.468
146.451
146.452
146.460
146.455
146.453
146.460
146.457
146.444
146.441
146.461
146.458
146.450
146.434
146.440
146.445
146.449
146.448
146.458
146.463
146.491
146.484
146.465
146.468
146.465
146.465
146.464
146.459
146.472
146.476
146.491
146.499
146.495
146.513
146.512
146.530
146.551
146.545
146.554
146.546
146.552
146.552
146.549
146.545
146.542
146.534
146.537
146.531
146.527
146.501
146.477
146.506
146.517
146.511
146.508
146.488
146.477
146.515
146.509
146.485
146.483
146.470
146.461
146.479
146.492
146.490
146.456
146.451
146.446
146.437
146.447
146.458
146.472
146.469
146.458
146.456
146.452
146.456
146.485
146.482
146.459
146.460
146.452
146.451
146.445
146.433
146.431
146.424
146.428
146.422
146.430
146.419
146.419
146.430
146.428
146.429
146.431
146.425
146.434
146.440
146.433
146.432
146.431
146.432
146.427
146.428
146.429
146.438
146.448
146.452
146.446
146.445
146.447
146.447
146.445
146.442
146.444
146.442
146.436
146.428
146.419
146.419
146.420
146.420
146.426
146.427
146.428
146.431
146.450
146.452
146.423
146.425
146.426
146.420
146.412
146.413
146.413
146.408
146.412
146.407
146.422
146.427
146.427
146.424
146.421
146.426
146.426
146.431
146.460
146.486
146.478
146.476
146.483
146.484
146.477
146.464
146.470
146.440
146.460
146.459
146.478
146.456
146.448
146.447
146.446
146.443
146.459
146.460
146.469
146.469
146.463
146.463
146.466
146.463
146.460
146.458
146.453
146.443
146.423
146.417
146.430
146.430
146.426
146.415
146.422
146.428
146.425
146.446
146.438
146.450
146.448
146.440
146.424
146.410
146.417
146.444
146.416
146.428
146.428
146.433
146.415
146.418
146.436
146.438
146.430
146.413
146.425
146.436
146.429
146.438
146.429
146.431
146.431
146.428
146.416
146.423
146.428
146.425
146.423
146.425
146.422
146.421
146.418
146.418
146.417
146.449
146.454
146.458
146.470
146.504
146.505
146.508
146.502
146.504
146.510
146.535
146.571
146.646
146.657
146.653
146.740
146.735
146.749
146.724
146.750
146.749
146.735
146.727
146.800
146.760
146.724
146.716
146.711
146.709
146.689
146.674
146.678
146.700
146.739
146.743
146.713
146.727
146.711
146.708
146.706
146.698
146.710
146.728
146.732
146.684
146.671
146.668
146.644
146.660
146.720
146.713
146.728
146.686
146.681
146.683
146.654
146.671
146.681
146.698
146.688
146.672
146.639
146.590
146.583
146.577
146.564
146.532
146.527
146.523
146.479
146.459
146.444
146.467
146.485
146.514
146.491
146.528
146.530
146.526
146.554
146.567
146.544
146.532
146.510
146.477
146.487
146.458
146.431
146.433
146.449
146.446
146.429
146.398
146.375
146.372
146.398
146.400
146.395
146.377
146.349
146.372
146.419
146.436
146.421
146.435
146.456
146.454
146.405
146.444
146.453
146.449
146.446
146.460
146.468
146.422
146.425
146.424
146.433
146.452
146.507
146.525
146.524
146.527
146.531
146.476
146.489
146.480
146.445
146.460
146.452
146.423
146.427
146.363
146.368
146.343
146.326
146.314
146.316
146.335
146.327
146.323
146.319
146.322
146.323
146.312
146.273
146.267
146.251
146.221
146.215
146.208
146.228
146.226
146.216
146.212
146.182
146.171
146.158
146.159
146.122
146.119
146.121
146.136
146.151
146.181
146.187
146.185
146.169
146.134
146.090
146.113
146.113
146.105
146.112
146.034
145.982
146.053
146.059
146.094
146.086
146.093
146.065
146.050
146.045
146.032
146.027
146.033
146.028
146.042
146.044
146.031
146.023
145.997
145.988
145.977
145.931
145.871
145.852
145.867
145.864
145.882
145.913
145.899
145.901
145.885
145.886
145.928
145.959
146.005
146.037
146.058
146.030
145.993
146.018
146.012
146.020
146.024
146.027
145.991
145.997
145.993
145.995
145.985
146.004
145.997
146.035
146.040
146.027
145.999
145.984
145.965
145.966
145.997
146.010
146.008
146.042
146.049
146.077
146.152
146.108
146.118
146.126
146.181
146.171
146.193
146.180
146.193
146.218
146.215
146.215
146.209
146.235
146.217
146.219
146.239
146.236
146.234
146.221
146.220
146.218
146.208
146.213
146.213
146.265
146.268
146.258
146.275
146.303
146.293
146.298
146.303
146.286
146.284
146.264
146.252
146.264
146.273
146.265
146.256
146.245
146.239
146.234
146.218
146.175
146.186
146.209
146.217
146.254
146.316
146.279
146.268
146.246
146.255
146.257
146.252
146.248
146.243
146.252
146.233
146.223
146.246
146.265
146.250
146.254
146.237
146.234
146.240
146.258
146.292
146.294
146.311
146.310
146.314
146.358
146.372
146.370
146.366
146.355
146.344
146.336
146.344
146.351
146.363
146.347
146.348
146.358
146.346
146.336
146.332
146.303
146.301
146.301
146.295
146.295
146.294
146.269
146.278
146.297
146.327
146.328
146.338
146.339
146.360
146.361
146.357
146.369
146.371
146.363
146.371
146.372
146.352
146.343
146.323
146.317
146.314
146.310
146.341
146.340
146.334
146.311
146.307
146.322
146.322
146.308
146.333
146.319
146.339
146.359
146.358
146.358
146.359
146.405
146.407
146.409
146.405
146.381
146.377
146.387
146.352
146.355
146.364
146.360
146.363
146.400
146.388
146.374
146.368
146.331
146.307
146.285
146.291
146.278
146.286
146.280
146.266
146.263
146.239
146.229
146.217
146.218
146.216
146.228
146.180
146.154
146.138
146.109
146.071
146.048
146.035
146.028
146.029
145.991
146.007
146.056
146.061
146.078
146.094
146.045
146.013
145.990
145.970
145.986
146.031
146.056
146.033
146.034
146.067
146.078
146.094
146.097
146.080
146.102
146.077
146.075
146.058
146.036
146.022
145.958
145.931
145.948
145.987
145.963
145.976
146.025
146.037
146.019
146.004
145.996
145.996
145.990
145.958
145.955
145.937
145.929
145.913
145.912
145.860
145.915
145.936
145.961
145.942
145.941
145.938
145.943
145.940
145.943
145.937
145.945
145.946
145.948
146.010
146.010
145.994
146.005
146.009
146.011
146.028
146.041
146.036
146.009
146.002
146.045
146.061
146.082
146.043
146.017
146.025
146.025
146.030
146.023
146.029
146.056
146.036
146.000
145.998
145.973
145.918
145.961
145.950
145.959
145.981
145.981
146.026
146.051
146.044
145.983
146.023
146.064
146.182
146.172
146.175
146.244
146.316
146.308
146.262
146.238
146.222
146.195
146.168
146.166
146.177
146.187
146.174
146.179
146.199
146.225
146.237
146.210
146.215
146.206
146.190
146.228
146.230
146.220
146.219
146.204
146.190
146.163
146.165
146.167
146.150
146.163
146.163
146.122
146.127
146.134
146.130
146.140
146.138
146.144
146.144
146.153
146.163
146.183
146.173
146.162
146.160
146.127
146.129
146.105
146.131
146.167
146.179
146.178
146.198
146.225
146.259
146.255
146.207
146.187
146.159
146.127
146.135
146.163
146.157
146.144
146.168
146.170
146.209
146.219
146.209
146.208
146.222
146.205
146.186
146.169
146.176
146.203
146.186
146.166
146.171
146.174
146.138
146.163
146.155
146.160
146.163
146.184
146.180
146.143
146.154
146.138
146.131
146.159
146.187
146.196
146.209
146.225
146.266
146.265
146.234
146.234
146.245
146.251
146.258
146.230
146.224
146.221
146.192
146.187
146.181
146.177
146.167
146.147
146.145
146.157
146.146
146.141
146.119
146.122
146.112
146.108
146.103
146.093
146.084
146.111
146.126
146.103
146.092
146.091
146.090
146.088
146.085
146.086
146.102
146.126
146.127
146.125
146.117
146.092
146.098
146.099
146.100
146.094
146.108
146.114
146.125
146.143
146.108
146.121
146.118
146.115
146.132
146.132
146.123
146.104
146.106
146.098
146.095
146.107
146.104
146.112
146.105
146.067
146.063
146.071
146.075
146.071
146.069
146.072
146.071
146.067
146.071
146.070
146.076
146.046
146.047
146.032
146.035
146.048
146.042
146.025
146.036
146.040
146.040
146.047
146.048
146.057
146.074
146.067
146.074
146.075
146.070
146.061
146.062
146.065
146.070
146.068
146.068
146.068
146.074
146.073
146.078
146.075
146.076
146.097
146.110
146.119
146.109
146.101
146.104
146.108
146.124
146.139
146.137
146.147
146.158
146.151
146.164
146.162
146.175
146.167
146.184
146.204
146.199
146.225
146.229
146.233
146.219
146.213
146.209
146.227
146.250
146.254
146.256
146.275
146.270
146.269
146.248
146.255
146.265
146.271
146.275
146.274
146.263
146.268
146.264
146.234
146.229
146.221
146.219
146.210
146.197
146.195
146.186
146.184
146.199
146.217
146.226
146.228
146.244
146.239
146.240
146.241
146.260
146.254
146.262
146.247
146.256
146.263
146.262
146.263
146.279
146.279
146.263
146.274
146.274
146.274
146.289
146.296
146.316
146.315
146.298
146.298
146.285
146.285
146.276
146.286
146.275
146.282
146.284
146.284
146.284
146.304
146.320
146.330
146.344
146.340
146.321
146.314
146.296
146.294
146.293
146.292
146.309
146.308
146.305
146.283
146.280
146.272
146.264
146.261
146.253
146.252
146.241
146.307
146.304
146.305
146.307
146.300
146.297
146.287
146.285
146.269
146.267
146.264
146.258
146.260
146.258
146.256
146.250
146.249
146.257
146.255
146.262
146.256
146.259
146.253
146.257
146.237
146.225
146.224
146.227
146.229
146.235
146.228
146.210
146.210
146.205
146.204
146.201
146.204
146.211
146.221
146.217
146.192
146.198
146.202
146.183
146.180
146.174
146.179
146.181
146.183
146.186
146.192
146.185
146.191
146.186
146.189
146.191
146.189
146.192
146.192
146.195
146.188
146.184
146.183
146.174
146.173
146.178
146.178
146.171
146.172
146.165
146.136
146.132
146.123
146.116
146.120
146.110
146.084
146.085
146.088
146.091
146.094
146.098
146.098
146.084
146.086
146.085
146.086
146.086
146.073
146.072
146.051
146.052
146.056
146.060
146.074
146.096
146.086
146.006
146.086
146.078
146.052
146.067
146.063
146.047
146.063
146.060
146.001
145.988
145.998
145.986
145.996
146.030
146.029
146.046
146.048
146.044
146.045
146.037
146.016
146.027
146.045
146.047
146.046
146.046
146.041
146.009
146.017
146.010
146.015
145.998
145.994
145.994
145.985
145.988
145.953
145.956
145.848
145.847
145.833
145.808
145.792
145.779
145.779
145.573
145.541
145.633
145.647
145.667
145.615
145.620
145.609
145.586
145.581
145.603
145.625
145.617
145.618
145.622
145.591
145.601
145.600
145.570
145.546
145.535
145.525
145.529
145.532
145.555
145.542
145.523
145.513
145.505
145.457
145.461
145.435
145.432
145.428
145.387
145.259
145.231
145.223
145.190
145.297
145.290
145.297
145.316
145.296
145.297
145.285
145.277
145.246
145.271
145.238
145.277
145.274
145.233
145.243
145.317
145.329
145.482
145.394
145.371
145.410
145.427
145.433
145.425
145.411
145.349
145.504
145.425
145.449
145.481
145.447
145.436
145.436
145.441
145.455
145.439
145.428
145.405
145.439
145.407
145.429
145.400
145.403
145.406
145.394
145.382
145.373
145.363
145.354
145.375
145.388
145.401
145.433
145.429
145.429
145.429
145.426
145.419
145.424
145.400
145.414
145.416
145.431
145.449
145.471
145.460
145.457
145.450
145.445
145.444
145.448
145.438
145.438
145.425
145.415
145.381
145.392
145.428
145.426
145.445
145.432
145.454
145.444
145.445
145.477
145.490
145.511
145.577
145.592
145.569
145.562
145.563
145.572
145.553
145.535
145.531
145.552
145.562
145.560
145.557
145.544
145.535
145.543
145.537
145.515
145.498
145.521
145.520
145.502
145.520
145.514
145.513
145.518
145.514
145.544
145.533
145.512
145.521
145.525
145.531
145.537
145.534
145.513
145.495
145.497
145.485
145.481
145.482
145.483
145.477
145.471
145.469
145.448
145.417
145.427
145.422
145.435
145.431
145.437
145.455
145.459
145.455
145.446
145.467
145.498
145.501
145.492
145.483
145.485
145.490
145.492
145.495
145.490
145.481
145.463
145.461
145.454
145.447
145.447
145.439
145.431
145.426
145.417
145.416
145.404
145.404
145.424
145.421
145.441
145.442
145.447
145.456
145.448
145.465
145.473
145.475
145.465
145.461
145.468
145.466
145.456
145.456
145.491
145.483
145.482
145.480
145.483
145.489
145.484
145.477
145.474
145.489
145.492
145.488
145.483
145.488
145.489
145.489
145.496
145.499
145.497
145.497
145.501
145.511
145.523
145.534
145.533
145.550
145.551
145.564
145.568
145.582
145.582
145.604
145.611
145.610
145.610
145.606
145.602
145.587
145.579
145.567
145.574
145.559
145.555
145.557
145.555
145.589
145.559
145.560
145.555
145.546
145.547
145.555
145.572
145.579
145.582
145.589
145.590
145.592
145.581
145.590
145.597
145.596
145.600
145.599
145.610
145.619
145.627
145.624
145.622
145.620
145.618
145.597
145.595
145.604
145.609
145.628
145.642
145.653
145.651
145.640
145.642
145.644
145.627
145.636
145.638
145.639
145.635
145.605
145.604
145.600
145.597
145.602
145.595
145.590
145.594
145.597
145.598
145.615
145.624
145.623
145.622
145.620
145.618
145.613
145.615
145.618
145.616
145.625
145.625
145.631
145.632
145.635
145.644
145.646
145.645
145.640
145.637
145.633
145.642
145.637
145.631
145.655
145.653
145.644
145.645
145.642
145.642
145.651
145.648
145.646
145.641
145.643
145.645
145.642
145.635
145.637
145.642
145.638
145.633
145.640
145.650
145.655
145.658
145.653
145.649
145.660
145.669
145.674
145.678
145.690
145.714
145.713
145.711
145.704
145.700
145.696
145.667
145.666
145.666
145.658
145.656
145.660
145.683
145.679
145.665
145.663
145.664
145.665
145.673
145.669
145.672
145.675
145.704
145.697
145.694
145.681
145.664
145.647
145.653
145.649
145.650
145.642
145.636
145.595
145.589
145.591
145.561
145.546
145.543
145.556
145.563
145.563
145.584
145.579
145.573
145.579
145.577
145.577
145.577
145.588
145.596
145.600
145.618
145.622
145.615
145.614
145.611
145.615
145.595
145.582
145.590
145.564
145.561
145.580
145.567
145.522
145.543
145.536
145.501
145.522
145.513
145.507
145.511
145.501
145.472
145.457
145.448
145.444
145.420
145.431
145.426
145.424
145.427
145.455
145.459
145.453
145.448
145.440
145.442
145.435
145.431
145.415
145.393
145.393
145.381
145.341
145.341
145.329
145.307
145.314
145.308
145.343
145.309
145.324
145.315
145.276
145.306
145.350
145.350
145.310
145.304
145.281
145.257
145.220
145.198
145.246
145.232
145.249
145.215
145.223
145.237
145.224
145.231
145.247
145.245
145.244
145.241
145.249
145.248
145.257
145.252
145.321
145.353
145.379
145.362
145.317
145.339
145.308
145.314
145.339
145.352
145.378
145.378
145.374
145.363
145.394
145.401
145.422
145.414
145.467
145.475
145.476
145.444
145.445
145.441
145.427
145.421
145.417
145.392
145.351
145.351
145.362
145.359
145.346
145.335
145.290
145.282
145.245
145.317
145.280
145.322
145.323
145.259
145.238
145.234
145.232
145.261
145.279
145.265
145.279
145.285
145.283
145.262
145.252
145.251
145.243
145.126
144.992
144.893
144.864
144.883
144.896
144.886
144.788
144.676
144.494
144.465
144.558
144.580
144.545
144.356
144.327
144.349
144.391
144.405
144.404
144.394
144.362
144.392
144.412
144.453
144.476
144.497
144.481
144.526
144.518
144.532
144.560
144.541
144.542
144.570
144.649
144.715
144.765
144.783
144.776
144.762
144.751
144.782
144.806
144.847
144.883
144.874
144.818
144.861
144.880
144.900
144.897
144.834
144.813
144.724
144.667
144.637
144.647
144.646
144.607
144.595
144.555
144.577
144.575
144.505
144.488
144.485
144.457
144.426
144.382
144.338
144.378
144.457
144.582
144.540
144.574
144.563
144.606
144.597
144.614
144.585
144.653
144.652
144.674
144.672
144.572
144.498
144.329
144.355
144.423
144.460
144.464
144.477
144.502
144.499
144.492
144.406
144.477
144.522
144.566
144.606
144.640
144.631
144.641
144.623
144.607
144.642
144.654
144.650
144.705
144.710
144.708
144.675
144.694
144.692
144.738
144.820
144.833
144.794
144.795
144.748
144.729
144.725
144.724
144.735
144.722
144.622
144.629
144.694
144.701
144.684
144.672
144.662
144.578
144.567
144.596
144.591
144.610
144.578
144.530
144.528
144.510
144.517
144.541
144.560
144.570
144.625
144.620
144.632
144.633
144.622
144.644
144.653
144.641
144.614
144.633
144.633
144.607
144.589
144.592
144.634
144.661
144.653
144.583
144.612
144.609
144.593
144.537
144.550
144.573
144.629
144.623
144.613
144.606
144.612
144.630
144.608
144.604
144.601
144.584
144.585
144.588
144.587
144.590
144.633
144.657
144.657
144.657
144.645
144.692
144.698
144.746
144.755
144.770
144.768
144.769
144.761
144.771
144.769
144.739
144.742
144.748
144.755
144.743
144.745
144.749
144.750
144.732
144.725
144.679
144.690
144.709
144.705
144.719
144.720
144.702
144.702
144.687
144.694
144.716
144.718
144.726
144.740
144.744
144.745
144.751
144.721
144.713
144.685
144.689
144.696
144.700
144.694
144.689
144.662
144.647
144.623
144.627
144.597
144.537
144.544
144.566
144.565
144.560
144.547
144.541
144.519
144.489
144.515
144.517
144.561
144.558
144.527
144.512
144.540
144.542
144.570
144.590
144.587
144.559
144.571
144.564
144.565
144.571
144.590
144.573
144.569
144.559
144.557
144.612
144.602
144.614
144.606
144.589
144.594
144.600
144.578
144.511
144.518
144.508
144.485
144.459
144.453
144.330
144.238
144.193
144.283
144.327
144.319
144.328
144.326
144.297
144.304
144.345
144.340
144.333
144.316
144.327
144.320
144.306
144.314
144.299
144.301
144.258
144.269
144.254
144.220
144.166
144.229
144.262
144.252
144.257
144.275
144.256
144.209
144.211
144.177
144.192
144.137
144.144
144.138
144.120
144.129
144.114
144.135
144.158
144.175
144.181
144.149
144.172
144.155
144.106
144.043
144.066
144.084
144.094
144.082
144.066
144.031
144.059
144.067
144.032
144.043
144.052
144.058
144.079
144.130
144.134
144.174
144.171
144.167
144.170
144.178
144.188
144.179
144.152
144.154
144.148
144.080
144.069
144.110
144.130
144.103
144.070
144.088
144.068
144.071
144.088
144.033
144.020
144.052
144.051
144.094
144.076
144.068
144.084
144.091
144.116
144.123
144.131
144.116
144.136
144.125
144.138
144.143
144.135
144.133
144.162
144.168
144.183
144.153
144.122
144.086
144.053
144.100
144.114
144.122
144.137
144.169
144.168
144.167
144.196
144.196
144.180
144.217
144.225
144.275
144.290
144.300
144.342
144.343
144.328
144.349
144.355
144.351
144.366
144.361
144.336
144.277
144.322
144.324
144.306
144.320
144.284
144.296
144.297
144.314
144.308
144.304
144.306
144.314
144.272
144.264
144.295
144.298
144.267
144.256
144.276
144.273
144.251
144.240
144.230
144.234
144.235
144.227
144.219
144.218
144.204
144.179
144.162
144.168
144.181
144.175
144.138
144.148
144.095
144.069
144.026
143.969
143.957
143.946
143.944
143.886
143.832
143.833
143.891
143.882
143.865
143.872
143.853
143.834
143.845
143.847
143.834
143.838
143.847
143.869
143.885
143.903
143.916
143.931
143.933
143.935
143.925
143.912
143.919
143.926
143.901
143.876
143.856
143.869
143.850
143.904
143.913
143.895
143.888
143.893
143.868
143.873
143.877
143.851
143.826
143.792
143.675
143.663
143.616
143.624
143.555
143.529
143.554
143.571
143.573
143.637
143.635
143.643
143.617
143.619
143.606
143.602
143.625
143.636
143.635
143.630
143.649
143.644
143.667
143.689
143.705
143.708
143.691
143.671
143.684
143.717
143.726
143.743
143.758
143.760
143.727
143.710
143.696
143.699
143.698
143.653
143.637
143.633
143.631
143.621
143.606
143.622
143.624
143.601
143.581
143.583
143.570
143.581
143.618
143.611
143.597
143.590
143.574
143.561
143.554
143.546
143.540
143.508
143.530
143.539
143.538
143.563
143.566
143.561
143.574
143.565
143.582
143.589
143.592
143.622
143.687
143.699
143.746
143.739
143.742
143.715
143.701
143.702
143.693
143.692
143.691
143.683
143.717
143.707
143.691
143.689
143.674
143.675
143.672
143.661
143.652
143.630
143.622
143.615
143.625
143.622
143.610
143.612
143.620
143.632
143.619
143.627
143.595
143.585
143.582
143.564
143.596
143.613
143.612
143.612
143.620
143.621
143.623
143.624
143.611
143.614
143.606
143.604
143.608
143.613
143.608
143.614
143.614
143.615
143.598
143.620
143.616
143.621
143.624
143.624
143.633
143.616
143.577
143.583
143.597
143.604
143.589
143.588
143.594
143.598
143.605
143.605
143.616
143.627
143.625
143.611
143.609
143.609
143.610
143.599
143.606
143.599
143.609
143.601
143.619
143.617
143.629
143.642
143.647
143.649
143.686
143.680
143.678
143.691
143.680
143.674
143.673
143.670
143.654
143.643
143.644
143.642
143.643
143.621
143.614
143.597
143.584
143.581
143.580
143.585
143.608
143.626
143.644
143.652
143.643
143.655
143.659
143.673
143.687
143.689
143.694
143.699
143.676
143.667
143.664
143.661
143.690
143.697
143.696
143.699
143.691
143.683
143.683
143.680
143.675
143.719
143.721
143.717
143.706
143.727
143.725
143.739
143.750
143.751
143.751
143.740
143.736
143.741
143.744
143.741
143.742
143.749
143.721
143.738
143.752
143.753
143.746
143.733
143.731
143.719
143.722
143.703
143.699
143.714
143.719
143.717
143.710
143.702
143.690
143.671
143.656
143.643
143.644
143.651
143.664
143.669
143.675
143.671
143.675
143.676
143.740
143.734
143.736
143.728
143.718
143.746
143.800
143.787
143.775
143.774
143.758
143.764
143.810
143.813
143.783
143.777
143.806
143.829
143.838
143.835
143.826
143.841
143.835
143.823
143.822
143.847
143.860
143.880
143.865
143.851
143.841
143.828
143.822
143.817
143.795
143.769
143.762
143.764
143.782
143.789
143.774
143.757
143.739
143.738
143.721
143.707
143.700
143.704
143.676
143.657
143.655
143.668
143.666
143.665
143.679
143.693
143.728
143.734
143.727
143.727
143.708
143.750
143.758
143.756
143.679
143.686
143.653
143.670
143.666
143.656
143.660
143.656
143.650
143.639
143.634
143.649
143.643
143.654
143.711
143.723
143.677
143.673
143.677
143.682
143.673
143.663
143.663
143.697
143.702
143.666
143.668
143.675
143.674
143.695
143.698
143.697
143.697
143.682
143.684
143.692
143.701
143.712
143.721
143.711
143.720
143.725
143.728
143.719
143.731
143.734
143.721
143.779
143.791
143.781
143.782
143.771
143.786
143.787
143.786
143.792
143.774
143.778
143.778
143.781
143.787
143.790
143.788
143.798
143.800
143.796
143.792
143.790
143.794
143.798
143.818
143.821
143.826
143.825
143.827
143.823
143.825
143.832
143.839
143.843
143.851
143.847
143.847
143.849
143.838
143.831
143.825
143.809
143.802
143.804
143.806
143.799
143.786
143.783
143.716
143.715
143.716
143.713
143.715
143.701
143.694
143.689
143.670
143.666
143.663
143.658
143.696
143.708
143.710
143.705
143.710
143.702
143.648
143.594
143.600
143.581
143.565
143.566
143.575
143.604
143.590
143.589
143.599
143.597
143.611
143.600
143.597
143.594
143.597
143.584
143.586
143.566
143.561
143.568
143.562
143.572
143.576
143.569
143.558
143.625
143.627
143.616
143.605
143.596
143.592
143.604
143.609
143.641
143.651
143.657
143.631
143.635
143.633
143.618
143.607
143.592
143.611
143.612
143.621
143.604
143.626
143.632
143.640
143.642
143.661
143.651
143.627
143.620
143.605
143.600
143.597
143.588
143.578
143.564
143.549
143.552
143.550
143.556
143.557
143.573
143.560
143.550
143.533
143.532
143.543
143.545
143.547
143.565
143.575
143.578
143.579
143.567
143.570
143.552
143.549
143.533
143.543
143.539
143.541
143.529
143.542
143.538
143.544
143.546
143.546
143.544
143.532
143.527
143.522
143.514
143.513
143.513
143.516
143.480
143.387
143.429
143.394
143.364
143.353
143.351
143.366
143.368
143.364
143.366
143.374
143.366
143.365
143.347
143.314
143.345
143.352
143.347
143.363
143.364
143.359
143.347
143.352
143.354
143.336
143.340
143.326
143.303
143.264
143.284
143.276
143.306
143.282
143.260
143.255
143.203
143.191
143.182
143.112
143.094
143.095
143.093
143.111
143.121
143.162
143.165
143.178
143.176
143.177
143.202
143.228
143.249
143.252
143.272
143.281
143.268
143.256
143.217
143.195
143.198
143.219
143.239
143.241
143.259
143.273
143.282
143.281
143.268
143.266
143.233
143.236
143.234
143.254
143.259
143.249
143.247
143.252
143.255
143.269
143.267
143.262
143.263
143.264
143.268
143.288
143.293
143.299
143.310
143.307
143.323
143.321
143.318
143.315
143.322
143.311
143.311
143.291
143.290
143.278
143.255
143.269
143.275
143.278
143.299
143.297
143.279
143.296
143.298
143.291
143.295
143.296
143.305
143.298
143.292
143.296
143.328
143.337
143.330
143.334
143.333
143.347
143.347
143.349
143.409
143.398
143.401
143.409
143.400
143.395
143.400
143.414
143.416
143.421
143.416
143.416
143.406
143.400
143.400
143.402
143.415
143.410
143.410
143.411
143.409
143.407
143.399
143.395
143.369
143.372
143.376
143.374
143.377
143.381
143.386
143.388
143.383
143.376
143.368
143.355
143.331
143.333
143.316
143.312
143.297
143.292
143.285
143.277
143.255
143.271
143.269
143.331
143.338
143.332
143.360
143.391
143.369
143.368
143.367
143.359
143.375
143.369
143.357
143.399
143.410
143.413
143.403
143.407
143.407
143.393
143.388
143.372
143.388
143.386
143.363
143.339
143.352
143.386
143.391
143.395
143.413
143.409
143.409
143.381
143.363
143.379
143.388
143.383
143.382
143.372
143.380
143.383
143.369
143.362
143.360
143.365
143.380
143.369
143.374
143.371
143.368
143.367
143.325
143.347
143.350
143.361
143.374
143.377
143.377
143.417
143.418
143.417
143.400
143.411
143.424
143.415
143.423
143.429
143.491
143.507
143.505
143.519
143.518
143.505
143.500
143.489
143.482
143.487
143.515
143.509
143.506
143.512
143.506
143.501
143.512
143.514
143.510
143.498
143.496
143.471
143.477
143.487
143.478
143.470
143.466
143.454
143.439
143.439
143.441
143.445
143.449
143.444
143.447
143.448
143.442
143.452
143.451
143.419
143.366
143.379
143.383
143.380
143.360
143.352
143.332
143.315
143.330
143.319
143.313
143.317
143.363
143.395
143.399
143.402
143.403
143.405
143.398
143.404
143.388
143.382
143.379
143.375
143.416
143.444
143.433
143.439
143.438
143.399
143.408
143.402
143.389
143.399
143.420
143.440
143.471
143.693
143.660
143.576
143.612
143.576
143.569
143.549
143.528
143.575
143.577
143.599
143.568
143.562
143.565
143.539
143.525
143.518
143.476
143.454
143.462
143.482
143.448
143.422
143.485
143.486
143.478
143.512
143.490
143.549
143.543
143.527
143.579
143.598
143.597
143.621
143.634
143.639
143.611
143.605
143.616
143.620
143.619
143.617
143.563
143.575
143.539
143.542
143.541
143.533
143.570
143.528
143.480
143.485
143.485
143.477
143.513
143.516
143.484
143.493
143.364
143.253
143.367
143.322
143.222
143.294
143.289
143.264
143.282
143.366
143.358
