143.588
143.589
143.608
143.676
143.723
143.810
143.880
143.914
143.986
143.941
143.940
143.993
144.009
143.983
143.994
143.979
143.949
143.956
143.899
143.903
143.875
143.809
143.798
143.777
143.779
143.768
143.831
143.914
143.918
143.911
143.854
143.862
143.884
143.856
143.853
143.970
143.912
143.914
143.969
144.008
144.001
143.994
143.956
143.990
144.030
144.030
144.069
144.041
144.049
144.056
144.064
144.059
144.002
144.009
144.038
144.005
144.040
144.083
144.084
143.973
143.952
143.897
143.846
143.832
143.862
143.853
143.829
143.826
143.827
143.824
143.836
143.905
143.939
143.945
143.918
143.881
143.880
143.896
143.899
143.874
143.894
143.867
143.883
143.857
143.863
143.858
143.852
143.887
143.878
143.886
143.877
143.836
143.731
143.730
143.787
143.818
143.795
143.799
143.795
143.726
143.682
143.668
143.688
143.747
143.732
143.717
143.725
143.933
143.903
143.842
143.855
143.916
143.942
143.830
143.865
143.887
143.750
143.812
143.841
143.827
143.764
143.764
143.764
143.764
143.764
143.764
146.928
146.988
146.850
146.726
146.768
147.053
147.173
147.127
147.235
147.337
147.477
147.476
147.357
147.493
147.453
147.360
147.276
146.993
147.253
147.276
147.368
147.380
147.603
147.636
147.661
147.638
147.651
147.688
147.703
147.702
147.733
147.757
147.799
147.789
147.798
147.804
147.811
147.807
147.824
147.864
147.848
147.755
147.801
147.758
147.715
147.146
147.025
147.120
147.136
147.209
147.202
147.249
147.311
147.262
147.169
147.305
147.334
147.248
147.278
147.371
147.450
147.444
147.448
147.339
147.337
147.393
147.385
147.428
147.434
147.420
147.437
147.409
147.412
147.521
147.531
147.590
147.533
147.492
147.457
147.489
147.451
147.388
147.410
147.299
147.303
147.395
147.426
147.408
147.405
147.388
147.409
147.420
147.433
147.433
147.424
147.379
147.376
147.398
147.382
147.258
147.227
147.222
147.229
147.226
147.273
147.293
147.360
147.365
147.394
147.387
147.388
147.395
147.396
147.369
147.381
147.416
147.412
147.313
147.244
147.213
147.211
147.195
147.184
147.195
147.178
147.205
147.309
147.277
147.261
147.248
147.190
147.200
147.202
147.227
147.246
147.247
147.212
147.220
147.254
147.308
147.378
147.369
147.302
147.307
147.308
147.309
147.303
147.297
147.284
147.286
147.281
147.286
147.266
147.228
147.221
147.225
147.228
147.232
147.215
147.220
147.238
147.251
147.260
147.253
147.264
147.305
147.312
147.280
147.277
147.258
147.283
147.305
147.321
147.364
147.374
147.389
147.413
147.377
147.335
147.351
147.409
147.381
147.374
147.369
147.402
147.374
147.374
147.404
147.401
147.381
147.377
147.372
147.369
147.358
147.334
147.331
147.344
147.368
147.452
147.472
147.503
147.511
147.539
147.529
147.509
147.510
147.526
147.557
147.556
147.567
147.579
147.590
147.603
147.596
147.594
147.567
147.561
147.564
147.555
147.592
147.610
147.628
147.649
147.706
147.736
147.759
147.777
147.821
147.789
147.770
147.757
147.751
147.752
147.769
147.775
147.777
147.780
147.790
147.784
147.757
147.760
147.762
147.784
147.788
147.775
147.788
147.823
147.838
147.862
147.907
147.851
147.820
147.832
147.835
147.773
147.767
147.715
147.721
147.741
147.738
147.720
147.729
147.706
147.703
147.683
147.613
147.576
147.567
147.593
147.599
147.572
147.591
147.573
147.610
147.674
147.687
147.672
147.645
147.639
147.651
147.637
147.619
147.617
147.631
147.640
147.609
147.599
147.604
147.614
147.620
147.618
147.625
147.635
147.627
147.632
147.637
147.623
147.634
147.637
147.654
147.648
147.644
147.636
147.624
147.578
147.565
147.567
147.561
147.452
147.464
147.325
147.327
147.415
147.452
147.400
147.335
147.326
147.339
147.387
147.401
147.419
147.418
147.437
147.498
147.489
147.492
147.515
147.495
147.503
147.522
147.502
147.522
147.504
147.515
147.517
147.549
147.556
147.573
147.606
147.599
147.624
147.647
147.658
147.656
147.642
147.630
147.625
147.629
147.618
147.606
147.600
147.609
147.627
147.667
147.683
147.653
147.669
147.667
147.674
147.666
147.662
147.624
147.630
147.641
147.650
147.638
147.590
147.561
147.516
147.469
147.547
147.522
147.526
147.530
147.571
147.549
147.533
147.507
147.504
147.501
147.506
147.520
147.464
147.494
147.524
147.513
147.440
147.461
147.475
147.487
147.518
147.497
147.526
147.524
147.530
147.478
147.487
147.496
147.500
147.494
147.509
147.503
147.518
147.517
147.514
147.523
147.531
147.545
147.523
147.517
147.510
147.522
147.500
147.480
147.489
147.520
147.518
147.511
147.526
147.530
147.535
147.561
147.552
147.556
147.538
147.564
147.554
147.530
147.517
147.547
147.551
147.551
147.557
147.550
147.539
147.519
147.506
147.501
147.507
147.554
147.564
147.557
147.564
147.575
147.585
147.594
147.602
147.630
147.613
147.617
147.614
147.629
147.587
147.583
147.585
147.635
147.630
147.613
147.619
147.634
147.628
147.620
147.593
147.599
147.596
147.566
147.579
147.588
147.617
147.602
147.604
147.613
147.625
147.626
147.579
147.589
147.595
147.565
147.565
147.571
147.619
147.623
147.640
147.645
147.616
147.607
147.597
147.601
147.582
147.593
147.566
147.570
147.572
147.570
147.547
147.563
147.597
147.625
147.621
147.623
147.620
147.587
147.571
147.596
147.578
147.603
147.625
147.636
147.651
147.635
147.611
147.652
147.630
147.612
147.597
147.601
147.609
147.617
147.597
147.607
147.612
147.579
147.583
147.573
147.581
147.567
147.513
147.426
147.408
147.312
147.188
147.306
147.370
147.388
147.333
147.445
147.468
147.425
147.438
147.492
147.482
147.465
147.444
147.409
147.419
147.414
147.361
147.356
147.330
147.331
147.285
147.253
147.208
147.246
147.226
147.223
147.221
147.205
147.209
147.221
147.106
147.122
147.060
147.151
147.156
147.239
147.183
147.181
147.100
147.125
147.095
147.009
147.050
147.049
147.039
147.059
147.071
147.102
147.087
147.080
147.041
147.043
147.038
147.049
147.061
147.048
147.052
147.060
147.090
147.127
147.116
147.080
147.041
147.050
147.063
147.127
147.092
147.108
147.117
147.125
147.111
147.122
147.146
147.157
147.148
147.154
147.134
147.104
147.078
147.088
147.067
147.043
147.025
146.976
146.846
146.924
146.893
146.909
146.931
146.930
146.935
146.963
146.924
146.898
146.929
146.938
146.933
146.975
147.011
147.009
147.011
147.022
146.994
146.961
147.008
147.063
147.086
147.059
147.017
147.011
147.005
146.973
146.967
146.969
146.976
146.983
146.974
146.918
146.912
146.854
146.840
146.854
146.841
146.852
146.848
146.849
146.853
146.884
146.859
146.868
146.872
146.718
146.664
146.704
146.725
146.721
146.726
146.705
146.690
146.619
146.503
146.526
146.440
146.452
146.486
146.528
146.542
146.598
146.622
146.643
146.636
146.602
146.674
146.697
146.709
146.743
146.707
146.708
146.733
146.717
146.733
146.756
146.786
146.809
146.867
146.897
146.927
146.914
146.933
147.033
147.056
147.026
146.994
146.974
146.962
146.995
147.042
147.053
147.078
147.065
147.027
147.011
147.001
147.067
147.067
147.025
147.028
147.015
147.032
147.045
147.040
147.061
147.054
147.052
147.093
147.094
147.102
147.051
146.998
147.004
147.042
147.035
147.025
147.022
147.026
147.027
147.074
147.065
147.001
146.996
147.003
146.999
146.983
146.897
146.895
146.948
146.950
146.979
146.957
146.963
146.921
146.926
146.912
146.868
146.875
146.864
146.875
146.865
146.861
146.852
146.777
146.742
146.773
146.763
146.750
146.780
146.811
146.803
146.739
146.729
146.774
146.820
146.820
146.849
146.843
146.762
146.719
146.747
146.740
146.743
146.733
146.738
146.743
146.742
146.721
146.721
146.706
146.741
146.729
146.731
146.704
146.702
146.716
146.707
146.763
146.761
146.769
146.767
146.757
146.764
146.772
146.776
146.781
146.807
146.837
146.857
146.862
146.884
146.894
146.950
146.940
146.914
146.912
146.905
146.896
146.897
146.902
146.876
146.855
146.876
146.863
146.892
146.890
146.881
146.897
146.903
146.902
146.872
146.892
146.910
146.903
146.822
146.792
146.785
146.786
146.752
146.744
146.744
146.749
146.780
146.789
146.782
146.783
146.781
146.794
146.812
146.815
146.812
146.834
146.839
146.822
146.802
146.796
146.804
146.792
146.765
146.748
146.753
146.749
146.757
146.760
146.790
146.767
146.765
146.781
146.786
146.771
146.759
146.760
146.755
146.738
146.721
146.710
146.711
146.746
146.727
146.726
146.735
146.752
146.762
146.768
146.778
146.745
146.737
146.748
146.755
146.744
146.740
146.712
146.685
146.662
146.700
146.534
146.535
146.547
146.547
146.578
146.575
146.598
146.605
146.648
146.619
146.621
146.612
146.635
146.633
146.599
146.594
146.587
146.595
146.565
146.551
146.552
146.483
146.473
146.505
146.491
146.480
146.478
146.466
146.458
146.485
146.487
146.481
146.395
146.448
146.528
146.568
146.553
146.572
146.566
146.543
146.485
146.476
146.354
146.322
146.297
146.301
146.281
146.289
146.344
146.369
146.337
146.299
146.289
146.285
146.283
146.166
146.073
146.143
146.123
146.074
145.864
145.895
146.033
146.045
146.036
146.066
146.113
146.113
146.040
145.754
145.763
145.877
145.852
145.778
145.782
145.775
145.722
145.600
145.618
145.678
145.761
145.787
145.856
145.886
145.792
145.718
145.739
145.777
145.763
145.717
145.706
145.674
145.643
145.644
145.611
145.569
145.510
145.511
145.558
145.455
145.445
145.524
145.591
145.653
145.665
145.664
145.686
145.698
145.758
145.768
145.745
145.716
145.655
145.634
145.646
145.720
145.696
145.659
145.632
145.699
145.682
145.686
145.665
145.770
146.048
146.226
146.307
146.288
146.212
146.143
146.029
145.906
145.904
145.881
145.909
145.794
145.703
145.687
145.726
145.832
145.870
145.896
145.919
145.900
145.929
145.976
145.989
145.960
146.012
146.033
145.867
145.832
145.792
145.813
145.784
145.748
145.733
145.653
145.620
145.572
145.459
145.484
145.561
145.631
145.621
145.656
145.683
145.708
145.736
145.711
145.705
145.657
145.585
145.581
145.659
145.729
145.731
145.703
145.690
145.732
145.757
145.774
145.742
145.789
145.782
145.772
145.774
145.794
145.788
145.772
145.806
145.875
145.899
145.768
145.693
145.715
145.705
145.709
145.650
145.642
145.581
145.557
145.557
145.462
145.522
145.585
145.608
145.620
145.576
145.580
145.577
145.580
145.606
145.624
145.600
145.599
145.610
145.605
145.612
145.600
145.612
145.624
145.634
145.655
145.655
145.667
145.672
145.690
145.710
145.713
145.704
145.699
145.706
145.742
145.757
145.800
145.801
145.841
145.865
145.882
145.842
145.855
145.826
145.790
145.789
145.782
145.801
145.794
145.771
145.764
145.765
145.764
145.779
145.776
145.789
145.806
145.816
145.821
145.772
145.760
145.776
145.779
145.770
145.770
145.742
145.762
145.778
145.780
145.791
145.781
145.786
145.770
145.747
145.753
145.753
145.753
145.758
145.769
145.775
145.773
145.787
145.783
145.792
145.761
145.765
145.779
145.767
145.739
145.746
145.732
145.736
145.731
145.730
145.728
145.696
145.749
145.712
145.694
145.668
145.593
145.599
145.610
145.624
145.648
145.660
145.655
145.669
145.676
145.700
145.725
145.714
145.706
145.703
145.696
145.677
145.656
145.657
145.634
145.614
145.613
145.591
145.586
145.595
145.588
145.584
145.589
145.616
145.622
145.628
145.628
145.622
145.611
145.622
145.632
145.643
145.637
145.629
145.624
145.641
145.662
145.676
145.718
145.689
145.706
145.705
145.688
145.691
145.648
145.668
145.658
145.660
145.664
145.664
145.669
145.705
145.708
145.677
145.676
145.676
145.694
145.718
145.716
145.724
145.733
145.702
145.703
145.703
145.706
145.727
145.740
145.743
145.719
145.710
145.719
145.726
145.712
145.704
145.710
145.711
145.713
145.700
145.728
145.740
145.740
145.743
145.734
145.737
145.727
145.731
145.735
145.741
145.733
145.737
145.744
145.740
145.743
145.730
145.733
145.741
145.729
145.742
145.742
145.742
145.729
145.722
145.724
145.725
145.742
145.745
145.736
145.754
145.748
145.742
145.738
145.740
145.753
145.756
145.757
145.751
145.777
145.785
145.773
145.793
145.810
145.796
145.787
145.793
145.792
145.784
145.785
145.781
145.776
145.778
145.777
145.797
145.797
145.796
145.784
145.779
145.774
145.764
145.764
145.775
145.779
145.792
145.781
145.791
145.801
145.785
145.790
145.794
145.795
145.775
145.794
145.790
145.783
145.797
145.801
145.798
145.807
145.816
145.816
145.829
145.838
145.842
145.842
145.853
145.851
145.854
145.859
145.857
145.855
145.857
145.862
145.874
145.873
145.868
145.876
145.873
145.878
145.886
145.879
145.868
145.880
145.862
145.845
145.833
145.833
145.840
145.839
145.820
145.825
145.831
145.826
145.826
145.826
145.845
145.846
145.822
145.814
145.823
145.839
145.822
145.820
145.806
145.809
145.804
145.816
145.818
145.789
145.792
145.800
145.813
145.820
145.831
145.825
145.830
145.831
145.812
145.809
145.798
145.799
145.788
145.787
145.787
145.776
145.777
145.787
145.776
145.778
145.778
145.770
145.755
145.775
145.799
145.800
145.800
145.764
145.751
145.741
145.723
145.664
145.710
145.741
145.763
145.758
145.783
145.795
145.794
145.792
145.786
145.785
145.796
145.786
145.820
145.820
145.827
145.813
145.808
145.817
145.821
145.847
145.855
145.865
145.869
145.874
145.797
145.880
145.870
145.855
145.902
145.851
145.870
145.882
145.877
145.880
145.873
145.895
145.898
145.899
145.899
145.893
145.886
145.894
145.892
145.892
145.900
145.899
145.891
145.894
145.914
145.924
145.918
145.922
145.932
145.951
145.956
145.958
145.966
145.973
145.964
145.965
145.962
145.967
145.973
145.978
145.988
145.986
145.986
145.988
145.994
146.010
146.015
146.011
146.014
146.011
146.015
146.025
146.049
146.075
146.040
146.094
146.110
146.116
146.121
146.121
146.123
146.115
146.110
146.116
146.072
146.055
146.076
146.080
146.081
146.087
146.069
146.086
146.085
146.078
146.061
146.047
146.049
146.054
146.049
146.041
146.041
146.084
146.098
146.099
146.090
146.078
146.062
146.058
146.035
146.036
146.042
146.043
146.059
146.060
146.048
146.045
146.065
146.077
146.105
146.107
146.097
146.124
146.109
146.112
146.121
146.124
146.111
146.077
146.073
146.079
146.074
146.073
146.071
146.093
146.083
146.068
146.065
146.042
146.036
146.040
146.034
146.042
146.048
146.043
146.047
146.061
146.065
146.072
146.082
146.073
146.091
146.114
146.107
146.087
146.095
146.044
146.051
146.055
146.087
146.082
146.090
146.124
146.093
146.071
146.076
146.083
146.076
146.077
146.074
146.075
146.081
146.079
146.080
146.087
146.101
146.103
146.109
146.118
146.116
146.107
146.115
146.115
146.118
146.112
146.096
146.094
146.097
146.085
146.089
146.093
146.102
146.100
146.095
146.081
146.067
146.066
146.068
146.091
146.089
146.083
146.082
146.076
146.077
146.082
146.075
146.073
146.078
146.091
146.091
146.095
146.099
146.106
146.103
146.105
146.100
146.102
146.101
146.101
146.109
146.118
146.136
146.148
146.192
146.205
146.182
146.176
146.177
146.207
146.213
146.225
146.243
146.269
146.280
146.268
146.287
146.307
146.318
146.324
146.330
146.338
146.363
146.350
146.341
146.347
146.343
146.358
146.351
146.337
146.343
146.350
146.355
146.356
146.356
146.353
146.348
146.346
146.354
146.349
146.349
146.344
146.353
146.365
146.362
146.368
146.374
146.382
146.376
146.440
146.439
146.439
146.448
146.434
146.447
146.444
146.419
146.428
146.436
146.440
146.443
146.420
146.410
146.426
146.429
146.439
146.440
146.436
146.435
146.454
146.457
146.454
146.457
146.457
146.452
146.453
146.456
146.457
146.466
146.479
146.486
146.479
146.479
146.504
146.512
146.529
146.527
146.532
146.538
146.545
146.546
146.538
146.536
146.530
146.523
146.526
146.523
146.500
146.465
146.464
146.478
146.500
146.502
146.485
146.448
146.458
146.472
146.481
146.439
146.465
146.446
146.443
146.442
146.475
146.446
146.439
146.435
146.426
146.435
146.434
146.450
146.456
146.454
146.452
146.449
146.450
146.451
146.457
146.463
146.456
146.453
146.439
146.440
146.438
146.425
146.415
146.418
146.410
146.410
146.418
146.413
146.411
146.414
146.428
146.424
146.421
146.422
146.421
146.432
146.433
146.424
146.422
146.428
146.427
146.422
146.429
146.430
146.434
146.443
146.446
146.441
146.442
146.439
146.438
146.438
146.438
146.425
146.425
146.408
146.418
146.415
146.414
146.416
146.415
146.421
146.421
146.425
146.426
146.423
146.401
146.404
146.415
146.403
146.399
146.405
146.407
146.406
146.407
146.398
146.409
146.415
146.421
146.417
146.411
146.418
146.423
146.427
146.418
146.453
146.458
146.462
146.477
146.479
146.465
146.451
146.434
146.433
146.439
146.453
146.451
146.435
146.440
146.447
146.435
146.435
146.442
146.448
146.453
146.463
146.461
146.458
146.466
146.457
146.451
146.449
146.439
146.425
146.415
146.407
146.416
146.421
146.415
146.415
146.415
146.418
146.407
146.417
146.419
146.433
146.403
146.414
146.407
146.398
146.399
146.407
146.409
146.414
146.405
146.417
146.415
146.402
146.419
146.427
146.412
146.403
146.415
146.421
146.421
146.419
146.418
146.414
146.421
146.412
146.411
146.416
146.414
146.420
146.420
146.415
146.409
146.418
146.416
146.414
146.413
146.413
146.449
146.450
146.448
146.467
146.482
146.495
146.488
146.491
146.500
146.508
146.538
146.535
146.587
146.588
146.601
146.708
146.703
146.711
146.724
146.701
146.702
146.705
146.707
146.706
146.697
146.682
146.684
146.618
146.652
146.649
146.656
146.669
146.686
146.706
146.682
146.692
146.691
146.683
146.688
146.692
146.698
146.699
146.681
146.648
146.648
146.639
146.595
146.629
146.643
146.670
146.687
146.664
146.672
146.638
146.636
146.636
146.642
146.676
146.654
146.621
146.570
146.563
146.512
146.454
146.526
146.486
146.495
146.472
146.439
146.425
146.408
146.423
146.438
146.486
146.467
146.478
146.503
146.504
146.525
146.528
146.509
146.508
146.480
146.385
146.416
146.396
146.399
146.385
146.406
146.400
146.346
146.348
146.331
146.335
146.362
146.356
146.367
146.290
146.232
146.335
146.364
146.409
146.383
146.400
146.420
146.391
146.390
146.408
146.430
146.429
146.427
146.423
146.375
146.299
146.385
146.390
146.415
146.397
146.445
146.491
146.492
146.504
146.457
146.423
146.451
146.428
146.407
146.411
146.395
146.398
146.362
146.330
146.333
146.315
146.244
146.276
146.281
146.285
146.274
146.267
146.277
146.301
146.288
146.276
146.251
146.247
146.162
146.172
146.196
146.183
146.191
146.189
146.198
146.159
146.152
146.064
146.079
146.103
146.067
146.078
146.097
146.106
146.115
146.147
146.172
146.144
146.134
146.070
146.069
146.075
146.091
146.089
145.974
145.809
145.919
145.952
146.017
146.033
146.066
146.058
145.998
146.004
145.997
145.987
145.986
145.979
146.009
146.010
146.009
145.996
145.979
145.967
145.954
145.934
145.828
145.800
145.806
145.832
145.838
145.803
145.867
145.864
145.864
145.863
145.862
145.884
145.925
145.945
145.987
146.032
145.965
145.934
145.927
145.963
145.987
146.010
145.966
145.972
145.978
145.983
145.955
145.951
145.984
145.957
145.957
145.992
145.987
145.970
145.964
145.944
145.950
145.950
145.986
145.983
146.008
146.029
146.031
146.072
146.076
146.091
146.102
146.130
146.139
146.159
146.152
146.164
146.172
146.183
146.170
146.184
146.195
146.180
146.201
146.208
146.196
146.204
146.183
146.178
146.177
146.172
146.192
146.195
146.205
146.246
146.247
146.230
146.263
146.267
146.285
146.268
146.270
146.262
146.236
146.225
146.242
146.248
146.236
146.242
146.235
146.229
146.220
146.159
146.152
146.170
146.168
146.197
146.216
146.219
146.232
146.233
146.224
146.236
146.245
146.209
146.200
146.228
146.236
146.216
146.209
146.219
146.224
146.226
146.235
146.224
146.230
146.237
146.234
146.256
146.262
146.272
146.300
146.306
146.316
146.347
146.348
146.358
146.327
146.306
146.290
146.298
146.338
146.338
146.324
146.329
146.328
146.322
146.320
146.299
146.288
146.284
146.280
146.272
146.275
146.266
146.242
146.237
146.274
146.272
146.300
146.319
146.322
146.333
146.340
146.348
146.351
146.357
146.351
146.347
146.344
146.332
146.322
146.302
146.285
146.301
146.295
146.301
146.320
146.296
146.297
146.289
146.292
146.303
146.289
146.310
146.303
146.310
146.330
146.341
146.337
146.349
146.359
146.390
146.396
146.373
146.366
146.373
146.353
146.336
146.337
146.351
146.345
146.344
146.358
146.348
146.355
146.314
146.280
146.275
146.249
146.265
146.272
146.275
146.248
146.248
146.233
146.219
146.172
146.193
146.206
146.201
146.161
146.155
146.100
146.102
146.042
146.037
146.017
146.003
146.004
145.987
145.973
145.959
145.998
146.002
146.047
146.026
146.010
145.954
145.953
145.937
145.956
145.985
146.022
146.017
146.015
146.016
146.049
146.069
146.071
146.038
146.051
146.049
146.056
146.023
146.008
145.938
145.880
145.855
145.909
145.922
145.933
145.945
145.970
146.003
145.999
145.958
145.970
145.970
145.924
145.912
145.913
145.914
145.887
145.898
145.839
145.821
145.855
145.884
145.932
145.928
145.923
145.926
145.928
145.917
145.921
145.920
145.926
145.933
145.939
145.940
145.966
145.980
145.987
145.972
145.985
146.003
146.024
146.000
145.980
145.990
145.993
146.030
146.028
146.008
145.986
146.010
146.009
145.975
145.967
145.994
146.020
146.001
145.964
145.964
145.886
145.868
145.911
145.911
145.914
145.951
145.960
145.985
146.024
145.971
145.965
145.955
145.988
146.040
146.146
146.140
146.151
146.245
146.255
146.205
146.208
146.183
146.154
146.126
146.142
146.147
146.161
146.134
146.136
146.173
146.197
146.163
146.162
146.170
146.173
146.162
146.164
146.197
146.187
146.184
146.154
146.135
146.127
146.149
146.148
146.133
146.147
146.107
146.104
146.090
146.102
146.112
146.111
146.110
146.122
146.126
146.125
146.124
146.136
146.139
146.140
146.120
146.107
146.099
146.067
146.080
146.091
146.154
146.150
146.152
146.164
146.223
146.203
146.179
146.158
146.121
146.110
146.114
146.116
146.101
146.111
146.136
146.146
146.163
146.169
146.175
146.193
146.202
146.174
146.166
146.138
146.136
146.175
146.149
146.148
146.151
146.127
146.112
146.140
146.119
146.122
146.147
146.152
146.124
146.115
146.113
146.117
146.112
146.124
146.161
146.175
146.187
146.206
146.226
146.227
146.222
146.220
146.234
146.225
146.224
146.221
146.212
146.190
146.176
146.177
146.138
146.144
146.127
146.127
146.122
146.132
146.128
146.117
146.111
146.083
146.091
146.092
146.089
146.069
146.067
146.084
146.091
146.091
146.055
146.062
146.069
146.072
146.061
146.069
146.072
146.097
146.124
146.092
146.087
146.082
146.073
146.070
146.088
146.078
146.088
146.100
146.116
146.106
146.103
146.093
146.086
146.097
146.099
146.121
146.082
146.084
146.095
146.083
146.075
146.088
146.090
146.101
146.054
146.050
146.048
146.062
146.066
146.054
146.043
146.049
146.057
146.047
146.056
146.049
146.034
146.035
146.022
146.021
146.001
146.027
146.021
146.017
146.024
146.023
146.024
146.032
146.043
146.047
146.059
146.058
146.064
146.064
146.049
146.053
146.053
146.055
146.063
146.052
146.053
146.057
146.052
146.066
146.066
146.064
146.069
146.077
146.089
146.099
146.095
146.090
146.086
146.083
146.103
146.126
146.130
146.134
146.142
146.147
146.139
146.141
146.139
146.146
146.162
146.187
146.186
146.197
146.217
146.215
146.208
146.197
146.192
146.202
146.224
146.232
146.242
146.256
146.258
146.244
146.240
146.238
146.255
146.257
146.267
146.260
146.247
146.239
146.235
146.224
146.217
146.207
146.194
146.188
146.178
146.177
146.169
146.168
146.183
146.193
146.219
146.225
146.229
146.226
146.221
146.226
146.239
146.248
146.242
146.230
146.244
146.246
146.253
146.250
146.259
146.268
146.259
146.259
146.269
146.269
146.274
146.277
146.284
146.295
146.295
146.273
146.270
146.273
146.268
146.269
146.268
146.265
146.272
146.266
146.269
146.286
146.297
146.310
146.326
146.307
146.305
146.292
146.286
146.286
146.274
146.272
146.288
146.291
146.284
146.270
146.266
146.262
146.257
146.250
146.253
146.242
146.234
146.234
146.295
146.299
146.297
146.275
146.285
146.281
146.267
146.236
146.244
146.246
146.249
146.250
146.247
146.254
146.238
146.239
146.246
146.248
146.256
146.253
146.248
146.237
146.233
146.221
146.217
146.217
146.221
146.220
146.222
146.210
146.200
146.203
146.190
146.195
146.191
146.196
146.193
146.202
146.186
146.188
146.187
146.179
146.171
146.170
146.171
146.166
146.167
146.171
146.179
146.184
146.182
146.187
146.184
146.189
146.183
146.184
146.184
146.185
146.189
146.167
146.183
146.171
146.169
146.171
146.175
146.170
146.163
146.162
146.124
146.130
146.117
146.110
146.104
146.110
146.086
146.077
146.080
146.079
146.077
146.093
146.089
146.064
146.059
146.078
146.076
146.082
146.063
146.065
146.043
146.046
146.047
146.050
146.052
146.057
146.071
146.031
145.988
145.994
146.015
146.016
146.032
146.046
146.020
146.047
145.998
145.988
145.971
145.988
145.986
145.996
145.997
146.029
146.027
146.043
146.042
146.041
145.979
146.012
146.024
146.024
146.045
146.043
146.042
146.013
145.990
145.996
145.990
145.994
145.998
145.994
145.952
145.932
145.957
145.953
145.841
145.738
145.776
145.756
145.742
145.760
145.758
145.522
145.322
145.417
145.512
145.599
145.589
145.597
145.601
145.543
145.531
145.551
145.573
145.590
145.600
145.608
145.580
145.581
145.589
145.569
145.500
145.524
145.516
145.518
145.519
145.525
145.535
145.526
145.504
145.500
145.459
145.409
145.421
145.380
145.390
145.382
145.161
145.068
145.143
145.114
145.157
145.150
145.238
145.270
145.284
145.258
145.259
145.258
145.219
145.225
145.227
145.157
145.194
145.224
145.201
145.209
145.217
145.294
145.321
145.323
145.329
145.354
145.388
145.366
145.365
145.327
145.307
145.338
145.339
145.368
145.383
145.407
145.402
145.410
145.422
145.430
145.356
145.401
145.369
145.381
145.380
145.387
145.382
145.391
145.373
145.372
145.357
145.358
145.340
145.338
145.350
145.358
145.369
145.397
145.409
145.410
145.412
145.393
145.378
145.383
145.393
145.396
145.404
145.413
145.429
145.441
145.433
145.441
145.440
145.434
145.438
145.428
145.419
145.428
145.416
145.374
145.363
145.368
145.381
145.403
145.383
145.410
145.414
145.440
145.438
145.448
145.469
145.468
145.508
145.551
145.553
145.549
145.547
145.548
145.525
145.523
145.523
145.528
145.526
145.546
145.543
145.527
145.522
145.517
145.515
145.491
145.477
145.486
145.492
145.487
145.498
145.493
145.492
145.508
145.507
145.509
145.507
145.484
145.507
145.513
145.519
145.525
145.513
145.486
145.478
145.468
145.481
145.468
145.472
145.470
145.454
145.460
145.446
145.407
145.409
145.401
145.405
145.407
145.410
145.427
145.438
145.442
145.439
145.436
145.443
145.470
145.489
145.463
145.470
145.477
145.474
145.487
145.475
145.477
145.462
145.452
145.428
145.429
145.434
145.421
145.420
145.414
145.403
145.399
145.395
145.382
145.385
145.393
145.414
145.412
145.426
145.432
145.443
145.437
145.447
145.453
145.464
145.461
145.454
145.462
145.454
145.451
145.454
145.456
145.478
145.482
145.463
145.476
145.481
145.475
145.475
145.469
145.476
145.487
145.486
145.483
145.476
145.476
145.486
145.484
145.486
145.490
145.492
145.498
145.499
145.510
145.523
145.528
145.533
145.547
145.547
145.554
145.556
145.579
145.577
145.600
145.606
145.604
145.600
145.563
145.579
145.558
145.531
145.544
145.548
145.553
145.546
145.548
145.554
145.555
145.549
145.544
145.535
145.528
145.536
145.558
145.571
145.563
145.580
145.581
145.572
145.578
145.579
145.585
145.586
145.579
145.588
145.594
145.609
145.617
145.610
145.616
145.620
145.586
145.581
145.584
145.587
145.608
145.607
145.628
145.645
145.638
145.630
145.623
145.620
145.623
145.628
145.632
145.635
145.609
145.600
145.587
145.589
145.592
145.595
145.589
145.582
145.586
145.594
145.590
145.593
145.612
145.622
145.616
145.618
145.608
145.609
145.613
145.613
145.605
145.619
145.620
145.624
145.630
145.633
145.630
145.641
145.642
145.640
145.626
145.628
145.634
145.634
145.630
145.625
145.629
145.637
145.637
145.633
145.632
145.639
145.637
145.638
145.641
145.639
145.640
145.635
145.635
145.630
145.633
145.627
145.631
145.635
145.642
145.649
145.653
145.644
145.641
145.644
145.658
145.655
145.663
145.682
145.692
145.703
145.704
145.696
145.694
145.662
145.662
145.656
145.655
145.656
145.647
145.634
145.642
145.659
145.658
145.657
145.652
145.660
145.660
145.659
145.667
145.672
145.678
145.690
145.681
145.668
145.647
145.637
145.640
145.644
145.633
145.632
145.589
145.582
145.581
145.554
145.543
145.526
145.531
145.537
145.557
145.547
145.556
145.558
145.565
145.572
145.567
145.569
145.561
145.573
145.581
145.574
145.588
145.615
145.596
145.612
145.609
145.592
145.582
145.575
145.561
145.557
145.522
145.525
145.496
145.498
145.522
145.492
145.494
145.492
145.504
145.495
145.496
145.464
145.457
145.426
145.434
145.405
145.354
145.385
145.413
145.404
145.411
145.425
145.443
145.422
145.427
145.440
145.437
145.418
145.415
145.393
145.374
145.376
145.329
145.294
145.315
145.293
145.276
145.285
145.282
145.297
145.295
145.303
145.273
145.257
145.273
145.310
145.297
145.296
145.285
145.251
145.204
145.164
145.170
145.179
145.208
145.213
145.183
145.183
145.214
145.189
145.192
145.204
145.201
145.215
145.229
145.219
145.228
145.209
145.222
145.238
145.306
145.352
145.305
145.299
145.291
145.293
145.300
145.312
145.331
145.326
145.362
145.353
145.331
145.364
145.384
145.397
145.391
145.415
145.455
145.410
145.413
145.426
145.418
145.408
145.404
145.396
145.342
145.307
145.332
145.337
145.342
145.336
145.265
145.256
145.229
145.219
145.239
145.259
145.265
145.223
145.223
145.213
145.217
145.215
145.227
145.249
145.246
145.249
145.269
145.248
145.251
145.231
145.240
145.010
144.996
144.851
144.796
144.781
144.843
144.853
144.785
144.670
144.445
144.296
144.316
144.459
144.517
144.356
144.194
144.199
144.298
144.302
144.366
144.362
144.301
144.321
144.325
144.355
144.378
144.426
144.445
144.466
144.444
144.478
144.495
144.518
144.512
144.516
144.509
144.549
144.575
144.704
144.712
144.714
144.702
144.676
144.677
144.732
144.772
144.820
144.810
144.784
144.788
144.816
144.861
144.833
144.782
144.714
144.613
144.592
144.595
144.622
144.606
144.599
144.530
144.527
144.537
144.494
144.463
144.450
144.406
144.424
144.372
144.319
144.323
144.307
144.350
144.454
144.503
144.523
144.531
144.562
144.555
144.564
144.551
144.581
144.592
144.622
144.560
144.501
144.175
144.228
144.281
144.348
144.405
144.408
144.440
144.461
144.451
144.398
144.368
144.402
144.440
144.498
144.568
144.563
144.562
144.566
144.553
144.553
144.575
144.630
144.604
144.619
144.666
144.668
144.632
144.652
144.668
144.673
144.721
144.726
144.728
144.749
144.691
144.691
144.698
144.705
144.706
144.623
144.571
144.570
144.612
144.656
144.649
144.639
144.567
144.542
144.549
144.546
144.573
144.571
144.470
144.476
144.492
144.464
144.480
144.491
144.528
144.521
144.564
144.584
144.595
144.610
144.605
144.608
144.610
144.607
144.602
144.606
144.593
144.575
144.561
144.552
144.595
144.632
144.581
144.562
144.577
144.583
144.539
144.517
144.520
144.526
144.570
144.589
144.585
144.563
144.593
144.606
144.574
144.563
144.575
144.567
144.569
144.563
144.577
144.569
144.591
144.615
144.628
144.629
144.629
144.647
144.667
144.690
144.715
144.744
144.735
144.739
144.728
144.731
144.740
144.695
144.694
144.716
144.727
144.717
144.738
144.743
144.726
144.716
144.659
144.644
144.646
144.687
144.683
144.684
144.677
144.677
144.670
144.667
144.676
144.682
144.706
144.700
144.720
144.725
144.714
144.700
144.697
144.635
144.633
144.667
144.672
144.689
144.668
144.611
144.624
144.625
144.617
144.586
144.511
144.519
144.474
144.523
144.556
144.531
144.521
144.508
144.471
144.468
144.470
144.486
144.492
144.528
144.497
144.471
144.482
144.528
144.541
144.571
144.545
144.542
144.550
144.545
144.533
144.542
144.558
144.556
144.531
144.536
144.535
144.539
144.576
144.569
144.569
144.566
144.572
144.545
144.473
144.446
144.461
144.467
144.439
144.421
144.190
144.179
144.015
143.981
144.158
144.258
144.265
144.288
144.266
144.267
144.271
144.295
144.301
144.279
144.289
144.278
144.272
144.266
144.265
144.271
144.253
144.237
144.225
144.223
144.138
144.129
144.162
144.232
144.237
144.223
144.227
144.186
144.161
144.173
144.109
144.110
144.098
144.113
144.096
144.065
144.073
144.072
144.094
144.107
144.150
144.123
144.108
144.135
144.084
144.006
143.927
143.993
144.033
144.057
144.022
144.009
143.981
144.011
144.023
144.014
144.019
144.009
144.037
144.035
144.077
144.110
144.106
144.146
144.146
144.145
144.161
144.156
144.137
144.129
144.137
144.034
144.053
144.040
144.041
144.098
144.071
144.055
144.067
144.046
144.046
144.033
143.976
143.995
143.987
144.010
144.011
144.040
144.045
144.048
144.063
144.075
144.101
144.113
144.084
144.110
144.112
144.106
144.118
144.119
144.115
144.129
144.129
144.150
144.124
144.089
144.035
144.036
144.042
144.081
144.098
144.105
144.129
144.140
144.130
144.171
144.173
144.128
144.129
144.197
144.213
144.261
144.278
144.295
144.312
144.305
144.318
144.333
144.333
144.329
144.338
144.178
144.192
144.254
144.275
144.278
144.285
144.257
144.260
144.268
144.277
144.282
144.281
144.271
144.270
144.250
144.238
144.252
144.247
144.235
144.231
144.234
144.225
144.228
144.222
144.211
144.206
144.204
144.204
144.196
144.173
144.165
144.120
144.120
144.122
144.152
144.139
144.107
144.089
144.029
144.015
143.943
143.946
143.830
143.831
143.851
143.759
143.740
143.766
143.823
143.840
143.836
143.844
143.819
143.816
143.826
143.826
143.809
143.818
143.830
143.831
143.851
143.879
143.884
143.913
143.908
143.914
143.882
143.885
143.890
143.894
143.875
143.850
143.834
143.840
143.827
143.849
143.890
143.849
143.859
143.858
143.843
143.855
143.842
143.820
143.785
143.619
143.627
143.471
143.511
143.546
143.506
143.488
143.488
143.485
143.490
143.540
143.601
143.607
143.598
143.579
143.522
143.573
143.599
143.612
143.614
143.607
143.618
143.612
143.635
143.659
143.671
143.683
143.662
143.659
143.663
143.670
143.694
143.709
143.732
143.716
143.687
143.682
143.684
143.687
143.646
143.628
143.615
143.615
143.614
143.593
143.578
143.578
143.594
143.571
143.551
143.559
143.535
143.571
143.582
143.581
143.582
143.542
143.550
143.534
143.543
143.530
143.478
143.478
143.465
143.515
143.511
143.528
143.535
143.509
143.558
143.539
143.549
143.557
143.581
143.586
143.606
143.653
143.669
143.699
143.705
143.679
143.661
143.665
143.664
143.678
143.662
143.640
143.678
143.671
143.679
143.669
143.662
143.664
143.656
143.641
143.614
143.613
143.602
143.593
143.589
143.594
143.590
143.591
143.610
143.615
143.614
143.589
143.571
143.569
143.566
143.545
143.555
143.599
143.584
143.590
143.602
143.601
143.597
143.608
143.601
143.599
143.586
143.586
143.600
143.584
143.591
143.587
143.608
143.587
143.587
143.594
143.610
143.608
143.614
143.616
143.614
143.571
143.570
143.573
143.581
143.572
143.581
143.575
143.579
143.588
143.595
143.593
143.596
143.611
143.590
143.589
143.597
143.600
143.596
143.587
143.588
143.587
143.582
143.600
143.600
143.610
143.617
143.623
143.645
143.639
143.647
143.664
143.678
143.678
143.671
143.663
143.658
143.655
143.642
143.636
143.636
143.632
143.620
143.618
143.593
143.577
143.558
143.552
143.558
143.566
143.587
143.604
143.608
143.637
143.636
143.640
143.652
143.650
143.666
143.676
143.678
143.676
143.655
143.651
143.625
143.633
143.661
143.688
143.691
143.681
143.671
143.674
143.680
143.670
143.671
143.677
143.699
143.692
143.700
143.708
143.716
143.721
143.735
143.742
143.741
143.736
143.730
143.739
143.738
143.741
143.742
143.721
143.706
143.717
143.736
143.748
143.724
143.728
143.713
143.714
143.700
143.686
143.686
143.698
143.714
143.707
143.703
143.671
143.650
143.652
143.635
143.627
143.632
143.640
143.639
143.646
143.659
143.669
143.651
143.655
143.681
143.720
143.728
143.709
143.702
143.720
143.747
143.757
143.757
143.756
143.750
143.753
143.762
143.786
143.777
143.772
143.779
143.799
143.811
143.805
143.826
143.822
143.816
143.780
143.802
143.825
143.847
143.857
143.854
143.844
143.824
143.824
143.817
143.794
143.762
143.766
143.751
143.751
143.763
143.773
143.755
143.737
143.714
143.707
143.673
143.683
143.669
143.674
143.653
143.643
143.640
143.657
143.659
143.661
143.659
143.679
143.695
143.708
143.706
143.665
143.672
143.711
143.718
143.691
143.671
143.657
143.636
143.663
143.661
143.652
143.643
143.656
143.639
143.639
143.625
143.617
143.631
143.654
143.659
143.678
143.673
143.673
143.677
143.673
143.659
143.659
143.663
143.670
143.670
143.634
143.645
143.670
143.658
143.662
143.656
143.684
143.694
143.678
143.678
143.687
143.693
143.702
143.704
143.711
143.704
143.722
143.720
143.719
143.728
143.687
143.707
143.709
143.779
143.766
143.756
143.754
143.774
143.774
143.770
143.775
143.771
143.771
143.775
143.779
143.779
143.782
143.786
143.790
143.794
143.796
143.790
143.787
143.791
143.794
143.794
143.809
143.814
143.820
143.821
143.820
143.823
143.826
143.827
143.839
143.845
143.843
143.844
143.843
143.830
143.825
143.813
143.801
143.799
143.799
143.790
143.787
143.781
143.706
143.706
143.710
143.707
143.702
143.694
143.695
143.676
143.673
143.667
143.653
143.650
143.655
143.660
143.699
143.689
143.687
143.698
143.644
143.584
143.587
143.565
143.566
143.515
143.540
143.554
143.567
143.576
143.568
143.576
143.577
143.596
143.584
143.594
143.584
143.578
143.567
143.562
143.547
143.552
143.553
143.550
143.555
143.557
143.508
143.533
143.550
143.606
143.609
143.595
143.585
143.585
143.592
143.585
143.610
143.638
143.632
143.618
143.622
143.597
143.588
143.584
143.577
143.579
143.601
143.593
143.580
143.598
143.619
143.619
143.624
143.627
143.590
143.591
143.602
143.590
143.583
143.582
143.563
143.562
143.544
143.539
143.540
143.538
143.539
143.545
143.546
143.547
143.523
143.520
143.530
143.535
143.539
143.536
143.549
143.563
143.561
143.557
143.559
143.540
143.541
143.517
143.520
143.523
143.528
143.524
143.506
143.516
143.523
143.533
143.531
143.541
143.527
143.521
143.519
143.501
143.503
143.504
143.499
143.474
143.325
143.322
143.378
143.349
143.306
143.316
143.329
143.333
143.342
143.338
143.348
143.347
143.350
143.332
143.311
143.293
143.300
143.334
143.337
143.341
143.352
143.348
143.320
143.329
143.331
143.329
143.325
143.299
143.253
143.251
143.260
143.265
143.278
143.262
143.246
143.157
143.168
143.176
143.087
143.061
143.077
143.078
143.074
143.075
143.110
143.109
143.132
143.137
143.153
143.153
143.154
143.187
143.212
143.237
143.246
143.260
143.249
143.218
143.183
143.178
143.179
143.193
143.214
143.227
143.237
143.260
143.265
143.252
143.244
143.226
143.229
143.208
143.198
143.237
143.241
143.240
143.243
143.238
143.252
143.253
143.249
143.252
143.244
143.259
143.261
143.263
143.285
143.281
143.296
143.299
143.309
143.314
143.315
143.310
143.308
143.292
143.293
143.279
143.280
143.239
143.245
143.249
143.255
143.255
143.281
143.277
143.266
143.261
143.272
143.283
143.284
143.287
143.292
143.283
143.281
143.272
143.299
143.326
143.325
143.328
143.323
143.326
143.342
143.343
143.351
143.382
143.392
143.394
143.386
143.376
143.397
143.399
143.412
143.409
143.410
143.408
143.395
143.384
143.389
143.400
143.402
143.403
143.402
143.405
143.403
143.396
143.393
143.367
143.357
143.361
143.363
143.365
143.369
143.381
143.378
143.381
143.375
143.361
143.355
143.321
143.323
143.314
143.307
143.297
143.277
143.276
143.273
143.250
143.250
143.249
143.262
143.267
143.321
143.322
143.325
143.360
143.363
143.366
143.350
143.353
143.361
143.349
143.352
143.360
143.393
143.405
143.373
143.373
143.383
143.374
143.323
143.352
143.358
143.355
143.332
143.321
143.321
143.351
143.373
143.383
143.397
143.401
143.384
143.358
143.355
143.355
143.376
143.376
143.363
143.360
143.357
143.372
143.325
143.313
143.354
143.355
143.364
143.362
143.364
143.367
143.364
143.317
143.318
143.328
143.349
143.333
143.348
143.366
143.377
143.379
143.376
143.389
143.395
143.396
143.413
143.410
143.409
143.407
143.430
143.487
143.494
143.494
143.502
143.503
143.492
143.442
143.471
143.478
143.491
143.492
143.503
143.498
143.489
143.484
143.501
143.507
143.456
143.488
143.471
143.464
143.469
143.479
143.469
143.463
143.449
143.438
143.411
143.420
143.430
143.422
143.439
143.442
143.444
143.443
143.422
143.433
143.412
143.316
143.324
143.360
143.365
143.347
143.346
143.327
143.290
143.286
143.307
143.296
143.293
143.304
143.308
143.355
143.365
143.383
143.375
143.397
143.379
143.374
143.372
143.378
143.372
143.370
143.370
143.410
143.419
143.414
143.397
143.397
143.402
143.378
143.369
143.375
143.377
143.423
143.439
143.462
143.564
143.539
143.555
143.538
143.530
143.522
143.483
143.497
143.530
143.546
143.555
143.549
143.534
143.521
143.519
143.423
143.454
143.380
143.406
143.417
143.406
143.405
143.394
143.454
143.449
143.446
143.463
143.466
143.481
143.514
143.514
143.562
143.577
143.589
143.615
143.595
143.590
143.577
143.590
143.602
143.583
143.535
143.541
143.535
143.513
143.517
143.516
143.517
143.527
143.469
143.471
143.465
143.457
143.439
143.460
143.462
143.471
143.295
143.186
143.169
143.241
143.193
143.135
143.197
143.226
143.212
143.259
143.261
143.302
