143.629
143.613
143.679
143.727
143.913
143.877
143.917
144.036
144.010
143.955
143.994
144.045
144.026
144.041
144.009
143.981
143.980
143.976
143.955
143.939
143.896
143.823
143.818
143.779
143.789
143.851
143.923
143.921
143.943
143.929
143.870
143.925
143.884
143.858
143.982
143.990
143.917
143.976
144.010
144.027
144.045
144.017
143.991
144.050
144.048
144.109
144.077
144.055
144.097
144.068
144.065
144.079
144.019
144.035
144.057
144.038
144.099
144.086
144.093
143.980
143.992
143.901
143.847
143.891
143.942
143.863
143.844
143.837
143.827
143.838
143.903
143.943
143.948
143.953
143.918
143.883
143.905
143.909
143.901
143.905
143.895
143.883
143.887
143.866
143.868
143.881
143.901
143.901
143.899
143.898
143.889
143.837
143.731
143.789
143.813
143.849
143.846
143.817
143.795
143.737
143.682
143.718
143.755
143.748
143.740
143.724
144.033
143.972
143.918
143.871
143.914
143.949
143.986
143.916
143.926
143.947
143.838
143.921
143.948
143.837
143.764
146.279
146.515
146.652
143.764
147.103
147.275
147.048
146.856
146.795
147.069
147.242
147.212
147.279
147.371
147.489
147.535
147.476
147.508
147.497
147.467
147.389
147.364
147.306
147.332
147.370
147.476
147.603
147.674
147.675
147.694
147.694
147.698
147.706
147.717
147.733
147.780
147.793
147.801
147.801
147.817
147.824
147.828
147.824
147.862
147.869
147.867
147.812
147.829
147.813
147.738
147.168
147.219
147.157
147.298
147.225
147.259
147.513
147.496
147.274
147.358
147.370
147.362
147.285
147.377
147.449
147.492
147.507
147.450
147.342
147.421
147.404
147.438
147.462
147.434
147.437
147.452
147.409
147.655
147.547
147.603
147.598
147.533
147.512
147.514
147.489
147.465
147.430
147.413
147.299
147.394
147.464
147.490
147.415
147.424
147.439
147.418
147.444
147.455
147.474
147.428
147.389
147.407
147.398
147.396
147.297
147.236
147.259
147.268
147.286
147.303
147.365
147.424
147.401
147.419
147.403
147.397
147.398
147.408
147.390
147.461
147.453
147.445
147.325
147.260
147.266
147.218
147.205
147.220
147.200
147.208
147.309
147.323
147.281
147.266
147.248
147.214
147.220
147.230
147.259
147.270
147.271
147.234
147.267
147.319
147.397
147.436
147.375
147.306
147.316
147.316
147.310
147.312
147.301
147.289
147.290
147.310
147.286
147.283
147.233
147.235
147.266
147.237
147.233
147.226
147.234
147.248
147.263
147.283
147.264
147.303
147.317
147.345
147.284
147.290
147.303
147.311
147.327
147.372
147.406
147.417
147.421
147.414
147.377
147.351
147.405
147.409
147.382
147.384
147.423
147.409
147.390
147.415
147.405
147.439
147.383
147.400
147.377
147.379
147.364
147.343
147.356
147.370
147.450
147.532
147.517
147.513
147.549
147.554
147.538
147.509
147.553
147.561
147.565
147.567
147.592
147.587
147.627
147.616
147.609
147.596
147.569
147.561
147.576
147.589
147.612
147.638
147.658
147.716
147.748
147.778
147.776
147.825
147.822
147.792
147.774
147.782
147.762
147.775
147.781
147.789
147.789
147.799
147.797
147.790
147.769
147.796
147.789
147.798
147.803
147.785
147.835
147.865
147.866
147.934
147.908
147.854
147.829
147.855
147.835
147.776
147.770
147.734
147.758
147.741
147.738
147.733
147.733
147.706
147.703
147.689
147.615
147.584
147.592
147.615
147.606
147.596
147.591
147.609
147.695
147.691
147.711
147.672
147.645
147.671
147.654
147.637
147.629
147.643
147.637
147.661
147.611
147.608
147.614
147.623
147.620
147.620
147.638
147.644
147.633
147.643
147.637
147.649
147.634
147.654
147.672
147.657
147.644
147.640
147.646
147.589
147.567
147.570
147.561
147.482
147.469
147.335
147.417
147.480
147.468
147.400
147.370
147.336
147.383
147.476
147.432
147.419
147.433
147.522
147.545
147.489
147.516
147.544
147.501
147.531
147.535
147.525
147.522
147.521
147.517
147.563
147.562
147.577
147.620
147.614
147.624
147.659
147.658
147.661
147.656
147.666
147.636
147.625
147.634
147.626
147.631
147.608
147.636
147.663
147.690
147.694
147.681
147.692
147.684
147.679
147.681
147.667
147.636
147.638
147.652
147.650
147.646
147.596
147.573
147.516
147.538
147.568
147.525
147.557
147.579
147.584
147.553
147.558
147.511
147.508
147.512
147.531
147.520
147.497
147.535
147.528
147.513
147.460
147.483
147.485
147.517
147.527
147.528
147.535
147.535
147.540
147.484
147.494
147.510
147.503
147.506
147.509
147.519
147.518
147.519
147.539
147.532
147.547
147.545
147.523
147.523
147.536
147.522
147.509
147.488
147.550
147.525
147.518
147.524
147.547
147.532
147.586
147.581
147.555
147.560
147.569
147.564
147.554
147.530
147.553
147.550
147.557
147.558
147.564
147.567
147.544
147.521
147.506
147.505
147.553
147.576
147.564
147.562
147.583
147.595
147.590
147.628
147.631
147.639
147.623
147.620
147.639
147.629
147.591
147.591
147.646
147.645
147.630
147.616
147.646
147.645
147.637
147.629
147.597
147.605
147.602
147.576
147.604
147.625
147.625
147.611
147.610
147.624
147.635
147.626
147.592
147.616
147.601
147.568
147.570
147.620
147.649
147.641
147.654
147.654
147.617
147.614
147.612
147.606
147.622
147.593
147.577
147.600
147.593
147.570
147.587
147.610
147.620
147.643
147.622
147.636
147.620
147.591
147.606
147.616
147.605
147.639
147.643
147.656
147.654
147.641
147.655
147.659
147.659
147.614
147.600
147.621
147.625
147.621
147.609
147.625
147.615
147.590
147.583
147.591
147.581
147.567
147.513
147.426
147.410
147.316
147.316
147.382
147.393
147.395
147.455
147.487
147.499
147.440
147.514
147.531
147.487
147.484
147.460
147.430
147.433
147.425
147.365
147.360
147.333
147.365
147.285
147.253
147.272
147.246
147.261
147.246
147.241
147.222
147.219
147.226
147.143
147.122
147.161
147.167
147.297
147.239
147.190
147.195
147.131
147.141
147.121
147.079
147.072
147.071
147.064
147.069
147.148
147.112
147.092
147.096
147.061
147.059
147.061
147.065
147.067
147.065
147.072
147.092
147.188
147.127
147.116
147.095
147.107
147.071
147.138
147.150
147.124
147.132
147.155
147.142
147.122
147.143
147.179
147.161
147.166
147.172
147.138
147.109
147.095
147.098
147.073
147.072
147.038
146.994
146.976
146.924
146.964
146.944
146.957
146.939
146.978
146.973
146.926
146.948
146.940
146.958
146.978
147.008
147.050
147.026
147.023
147.037
146.994
147.013
147.062
147.118
147.086
147.062
147.019
147.020
147.012
146.973
146.989
146.973
146.997
146.993
146.974
146.927
146.921
146.858
146.852
146.855
146.859
146.898
146.854
146.855
146.896
146.888
146.878
146.878
146.885
146.768
146.702
146.734
146.727
146.768
146.729
146.718
146.695
146.638
146.565
146.548
146.504
146.497
146.536
146.539
146.617
146.629
146.673
146.665
146.650
146.688
146.733
146.706
146.746
146.757
146.707
146.734
146.750
146.736
146.779
146.795
146.844
146.870
146.942
146.931
146.944
146.932
147.074
147.070
147.062
147.058
147.009
146.974
147.006
147.052
147.054
147.076
147.106
147.067
147.031
147.013
147.068
147.080
147.076
147.025
147.064
147.032
147.087
147.059
147.089
147.082
147.058
147.104
147.094
147.120
147.126
147.061
147.002
147.048
147.042
147.036
147.033
147.036
147.034
147.102
147.104
147.065
147.014
147.033
147.016
147.006
146.999
146.930
146.959
146.966
146.978
146.987
146.967
146.972
146.928
146.934
146.916
146.872
146.892
146.888
146.881
146.875
146.866
146.860
146.787
146.774
146.800
146.763
146.779
146.823
146.815
146.814
146.747
146.772
146.819
146.820
146.867
146.863
146.845
146.777
146.784
146.754
146.750
146.754
146.735
146.779
146.762
146.745
146.758
146.739
146.749
146.780
146.729
146.764
146.716
146.729
146.725
146.831
146.779
146.779
146.771
146.771
146.763
146.772
146.797
146.776
146.829
146.835
146.869
146.866
146.894
146.893
146.968
146.952
146.942
146.914
146.921
146.907
146.911
146.912
146.908
146.878
146.891
146.877
146.891
146.908
146.892
146.907
146.906
146.917
146.904
146.890
146.921
146.910
146.913
146.829
146.792
146.799
146.795
146.778
146.754
146.756
146.778
146.800
146.793
146.796
146.801
146.797
146.835
146.813
146.825
146.833
146.834
146.850
146.831
146.804
146.807
146.819
146.798
146.780
146.750
146.768
146.767
146.767
146.796
146.790
146.784
146.784
146.786
146.794
146.775
146.768
146.764
146.758
146.747
146.721
146.726
146.769
146.746
146.734
146.746
146.755
146.767
146.775
146.793
146.784
146.745
146.746
146.761
146.757
146.745
146.745
146.712
146.686
146.700
146.720
146.599
146.620
146.547
146.595
146.579
146.627
146.610
146.665
146.651
146.621
146.637
146.637
146.648
146.642
146.611
146.594
146.593
146.601
146.568
146.588
146.562
146.495
146.509
146.539
146.495
146.484
146.488
146.469
146.483
146.527
146.487
146.491
146.460
146.525
146.581
146.573
146.586
146.587
146.589
146.555
146.494
146.485
146.357
146.370
146.297
146.308
146.299
146.341
146.380
146.381
146.337
146.310
146.308
146.293
146.290
146.185
146.141
146.202
146.127
146.074
145.892
146.091
146.076
146.077
146.066
146.126
146.137
146.128
146.117
145.775
145.895
145.941
145.857
145.787
145.856
145.811
145.724
145.672
145.695
145.784
145.797
145.864
145.895
145.911
145.806
145.772
145.791
145.780
145.769
145.722
145.737
145.692
145.690
145.661
145.628
145.572
145.525
145.573
145.579
145.463
145.537
145.606
145.664
145.690
145.697
145.684
145.705
145.778
145.790
145.790
145.745
145.718
145.658
145.648
145.730
145.729
145.714
145.672
145.738
145.708
145.736
145.701
145.768
146.099
146.228
146.313
146.402
146.295
146.222
146.163
146.044
145.911
145.954
145.948
145.920
145.820
145.756
145.757
145.849
145.868
145.902
145.982
145.957
145.934
145.989
146.067
146.003
146.011
146.091
146.056
145.886
145.916
145.870
145.844
145.828
145.772
145.762
145.698
145.665
145.583
145.486
145.568
145.634
145.730
145.657
145.733
145.707
145.739
145.760
145.748
145.705
145.674
145.594
145.694
145.761
145.796
145.751
145.758
145.733
145.822
145.788
145.795
145.804
145.803
145.837
145.772
145.834
145.823
145.788
145.804
145.884
145.949
145.899
145.777
145.740
145.774
145.734
145.720
145.719
145.642
145.608
145.570
145.561
145.520
145.592
145.637
145.618
145.653
145.591
145.604
145.623
145.659
145.626
145.633
145.617
145.649
145.619
145.650
145.626
145.626
145.641
145.643
145.675
145.680
145.670
145.670
145.691
145.712
145.717
145.718
145.716
145.703
145.746
145.770
145.818
145.805
145.849
145.883
145.900
145.895
145.871
145.855
145.831
145.813
145.795
145.808
145.819
145.805
145.793
145.770
145.798
145.804
145.785
145.798
145.813
145.844
145.827
145.825
145.772
145.778
145.782
145.789
145.780
145.784
145.766
145.784
145.781
145.806
145.802
145.789
145.799
145.776
145.761
145.756
145.758
145.755
145.777
145.795
145.797
145.800
145.812
145.793
145.803
145.764
145.788
145.786
145.773
145.748
145.754
145.746
145.756
145.731
145.761
145.728
145.748
145.763
145.718
145.703
145.670
145.604
145.651
145.622
145.660
145.668
145.660
145.670
145.680
145.726
145.724
145.732
145.730
145.716
145.703
145.711
145.680
145.688
145.658
145.642
145.631
145.625
145.591
145.592
145.602
145.588
145.593
145.619
145.632
145.632
145.631
145.643
145.623
145.622
145.631
145.647
145.650
145.641
145.629
145.644
145.660
145.672
145.739
145.718
145.709
145.708
145.713
145.696
145.692
145.670
145.671
145.671
145.671
145.677
145.666
145.707
145.715
145.709
145.684
145.680
145.694
145.723
145.742
145.732
145.734
145.739
145.707
145.703
145.720
145.727
145.773
145.740
145.753
145.719
145.725
145.724
145.742
145.713
145.729
145.712
145.713
145.734
145.726
145.746
145.754
145.744
145.743
145.742
145.737
145.730
145.748
145.744
145.752
145.734
145.758
145.746
145.754
145.747
145.732
145.741
145.744
145.743
145.744
145.750
145.742
145.733
145.729
145.724
145.755
145.747
145.745
145.751
145.762
145.758
145.743
145.751
145.751
145.765
145.758
145.757
145.784
145.783
145.796
145.805
145.819
145.810
145.800
145.795
145.809
145.792
145.788
145.789
145.789
145.799
145.780
145.796
145.812
145.805
145.799
145.787
145.779
145.775
145.767
145.773
145.781
145.819
145.797
145.796
145.802
145.801
145.796
145.816
145.804
145.812
145.806
145.806
145.790
145.805
145.804
145.813
145.805
145.819
145.827
145.835
145.841
145.842
145.844
145.858
145.863
145.857
145.863
145.866
145.869
145.858
145.866
145.881
145.878
145.879
145.875
145.880
145.879
145.896
145.903
145.882
145.886
145.888
145.863
145.851
145.833
145.842
145.849
145.839
145.827
145.835
145.836
145.828
145.835
145.844
145.851
145.849
145.822
145.824
145.838
145.841
145.830
145.824
145.808
145.809
145.825
145.816
145.827
145.789
145.802
145.822
145.822
145.834
145.839
145.843
145.832
145.831
145.814
145.811
145.798
145.820
145.794
145.794
145.791
145.778
145.788
145.791
145.776
145.785
145.780
145.775
145.783
145.797
145.807
145.807
145.804
145.768
145.771
145.761
145.754
145.725
145.753
145.776
145.763
145.766
145.795
145.795
145.794
145.792
145.786
145.800
145.805
145.815
145.824
145.831
145.827
145.813
145.808
145.817
145.849
145.860
145.859
145.865
145.873
145.878
145.879
145.894
145.895
145.901
145.905
145.869
145.879
145.882
145.881
145.885
145.890
145.895
145.906
145.899
145.899
145.893
145.891
145.898
145.894
145.903
145.921
145.905
145.897
145.914
145.930
145.924
145.930
145.934
145.954
145.956
145.957
145.965
145.973
145.973
145.974
145.965
145.968
145.976
145.981
145.993
145.989
145.988
145.991
146.011
146.015
146.021
146.029
146.014
146.022
146.025
146.032
146.051
146.082
146.077
146.100
146.111
146.115
146.126
146.121
146.137
146.123
146.120
146.127
146.117
146.072
146.079
146.084
146.085
146.086
146.090
146.093
146.086
146.094
146.078
146.061
146.059
146.053
146.077
146.054
146.053
146.106
146.098
146.106
146.106
146.093
146.079
146.062
146.058
146.035
146.062
146.042
146.060
146.072
146.070
146.048
146.073
146.083
146.123
146.107
146.107
146.126
146.135
146.118
146.117
146.130
146.126
146.113
146.078
146.088
146.079
146.077
146.079
146.102
146.093
146.087
146.076
146.066
146.047
146.046
146.058
146.044
146.054
146.048
146.044
146.072
146.077
146.070
146.089
146.082
146.096
146.129
146.118
146.107
146.095
146.098
146.071
146.051
146.097
146.087
146.087
146.126
146.125
146.093
146.076
146.081
146.083
146.077
146.085
146.077
146.091
146.081
146.087
146.089
146.128
146.109
146.117
146.118
146.126
146.116
146.124
146.122
146.115
146.120
146.114
146.100
146.101
146.100
146.095
146.091
146.106
146.102
146.100
146.096
146.089
146.071
146.066
146.088
146.095
146.089
146.088
146.083
146.076
146.079
146.092
146.077
146.076
146.092
146.094
146.097
146.103
146.105
146.116
146.103
146.106
146.100
146.106
146.102
146.111
146.115
146.138
146.146
146.193
146.209
146.205
146.191
146.176
146.210
146.218
146.234
146.247
146.281
146.290
146.282
146.285
146.309
146.316
146.347
146.335
146.337
146.365
146.371
146.360
146.359
146.353
146.377
146.358
146.353
146.359
146.347
146.365
146.371
146.369
146.356
146.358
146.361
146.354
146.358
146.351
146.351
146.372
146.369
146.365
146.365
146.371
146.383
146.384
146.458
146.449
146.439
146.452
146.448
146.455
146.449
146.460
146.427
146.441
146.441
146.451
146.450
146.429
146.434
146.437
146.445
146.447
146.442
146.436
146.462
146.482
146.457
146.456
146.462
146.457
146.456
146.457
146.458
146.472
146.476
146.487
146.496
146.479
146.501
146.512
146.530
146.542
146.531
146.536
146.544
146.552
146.552
146.543
146.544
146.532
146.526
146.533
146.529
146.500
146.465
146.477
146.497
146.506
146.510
146.490
146.458
146.474
146.513
146.481
146.485
146.470
146.448
146.443
146.474
146.492
146.459
146.439
146.441
146.435
146.435
146.445
146.451
146.472
146.454
146.454
146.451
146.452
146.451
146.483
146.463
146.456
146.453
146.439
146.449
146.438
146.428
146.425
146.424
146.413
146.422
146.418
146.419
146.415
146.430
146.428
146.427
146.421
146.424
146.434
146.432
146.433
146.426
146.431
146.428
146.427
146.428
146.429
146.434
146.442
146.447
146.446
146.442
146.447
146.439
146.438
146.442
146.444
146.425
146.430
146.419
146.419
146.415
146.414
146.420
146.420
146.423
146.428
146.431
146.450
146.423
146.401
146.411
146.418
146.405
146.410
146.413
146.410
146.408
146.409
146.407
146.414
146.424
146.421
146.419
146.421
146.426
146.424
146.431
146.460
146.455
146.468
146.476
146.483
146.479
146.465
146.464
146.434
146.435
146.460
146.455
146.451
146.442
146.444
146.447
146.435
146.442
146.455
146.460
146.460
146.463
146.463
146.463
146.466
146.457
146.460
146.449
146.439
146.425
146.419
146.414
146.419
146.429
146.417
146.415
146.421
146.420
146.425
146.417
146.438
146.450
146.415
146.414
146.407
146.398
146.415
146.412
146.416
146.415
146.428
146.417
146.415
146.418
146.426
146.433
146.412
146.413
146.425
146.421
146.429
146.424
146.420
146.426
146.431
146.412
146.413
146.416
146.428
146.420
146.421
146.420
146.418
146.418
146.416
146.415
146.417
146.449
146.451
146.450
146.470
146.501
146.501
146.495
146.495
146.497
146.505
146.535
146.567
146.621
146.655
146.605
146.716
146.722
146.709
146.724
146.750
146.706
146.722
146.705
146.754
146.726
146.716
146.682
146.696
146.657
146.652
146.658
146.678
146.689
146.726
146.706
146.706
146.701
146.692
146.708
146.693
146.697
146.708
146.711
146.686
146.672
146.653
146.639
146.644
146.652
146.714
146.703
146.687
146.682
146.673
146.638
146.654
146.651
146.681
146.690
146.671
146.641
146.572
146.584
146.529
146.553
146.526
146.505
146.523
146.476
146.448
146.441
146.425
146.452
146.485
146.490
146.483
146.510
146.519
146.524
146.550
146.528
146.517
146.508
146.480
146.446
146.416
146.424
146.412
146.403
146.448
146.411
146.366
146.357
146.334
146.366
146.369
146.393
146.367
146.318
146.334
146.362
146.407
146.417
146.417
146.435
146.455
146.391
146.405
146.440
146.430
146.429
146.436
146.458
146.420
146.388
146.406
146.413
146.418
146.452
146.496
146.514
146.509
146.523
146.470
146.451
146.484
146.435
146.410
146.434
146.402
146.421
146.362
146.362
146.335
146.315
146.277
146.304
146.292
146.330
146.279
146.321
146.300
146.313
146.294
146.276
146.251
146.247
146.170
146.204
146.201
146.193
146.228
146.218
146.202
146.173
146.168
146.077
146.158
146.114
146.083
146.107
146.120
146.125
146.151
146.174
146.179
146.147
146.137
146.071
146.075
146.113
146.097
146.097
146.009
145.967
145.965
146.053
146.052
146.086
146.081
146.062
146.009
146.033
145.997
146.024
145.986
146.008
146.016
146.042
146.031
146.015
145.979
145.969
145.974
145.934
145.861
145.812
145.843
145.846
145.863
145.876
145.903
145.872
145.876
145.882
145.881
145.926
145.953
146.002
146.035
146.032
145.965
145.948
146.013
145.984
146.013
146.019
145.970
145.984
145.991
145.993
145.970
145.985
145.999
145.960
146.035
146.031
146.002
145.973
145.967
145.965
145.951
145.986
146.007
146.005
146.035
146.037
146.074
146.084
146.094
146.118
146.126
146.148
146.167
146.179
146.164
146.181
146.204
146.215
146.183
146.209
146.207
146.201
146.219
146.214
146.202
146.217
146.183
146.220
146.185
146.208
146.192
146.209
146.262
146.251
146.247
146.273
146.265
146.288
146.298
146.272
146.283
146.262
146.239
146.252
146.252
146.257
146.241
146.244
146.235
146.232
146.220
146.159
146.167
146.172
146.205
146.214
146.239
146.266
146.246
146.233
146.237
146.255
146.255
146.209
146.246
146.242
146.236
146.223
146.223
146.245
146.224
146.235
146.235
146.228
146.234
146.240
146.258
146.283
146.273
146.306
146.302
146.314
146.358
146.356
146.369
146.358
146.347
146.330
146.306
146.344
146.348
146.338
146.345
146.335
146.345
146.326
146.320
146.299
146.291
146.289
146.297
146.278
146.292
146.272
146.242
146.278
146.274
146.319
146.326
146.335
146.335
146.350
146.357
146.349
146.368
146.365
146.351
146.369
146.344
146.345
146.322
146.302
146.312
146.305
146.304
146.340
146.331
146.303
146.306
146.289
146.322
146.309
146.308
146.321
146.312
146.339
146.358
146.358
146.346
146.357
146.395
146.393
146.403
146.377
146.377
146.375
146.353
146.337
146.350
146.360
146.360
146.363
146.384
146.372
146.355
146.333
146.280
146.281
146.262
146.277
146.275
146.281
146.260
146.266
146.241
146.227
146.203
146.213
146.218
146.202
146.171
146.157
146.125
146.105
146.042
146.037
146.033
146.006
146.016
145.987
145.982
145.999
146.009
146.061
146.078
146.028
146.013
145.963
145.957
145.970
145.981
146.030
146.022
146.017
146.032
146.048
146.067
146.088
146.071
146.056
146.080
146.061
146.059
146.030
146.012
145.949
145.889
145.930
145.925
145.930
145.948
145.972
146.014
146.022
146.002
145.969
145.979
145.993
145.942
145.945
145.917
145.921
145.903
145.908
145.847
145.853
145.890
145.933
145.945
145.928
145.936
145.926
145.938
145.935
145.929
145.928
145.943
145.942
145.939
146.008
145.985
145.985
146.005
145.984
146.001
146.021
146.040
146.006
146.005
145.996
146.035
146.061
146.028
146.011
146.013
146.022
146.022
145.982
146.023
146.016
146.038
146.001
145.995
145.964
145.886
145.907
145.948
145.931
145.959
145.967
145.981
146.024
146.039
145.977
145.970
146.019
146.044
146.158
146.163
146.175
146.244
146.308
146.266
146.205
146.219
146.197
146.154
146.153
146.145
146.177
146.164
146.147
146.179
146.193
146.224
146.173
146.208
146.194
146.188
146.162
146.228
146.212
146.197
146.184
146.178
146.135
146.156
146.165
146.148
146.150
146.163
146.118
146.108
146.100
146.127
146.124
146.125
146.132
146.130
146.135
146.152
146.162
146.136
146.158
146.162
146.120
146.121
146.105
146.103
146.089
146.167
146.167
146.156
146.168
146.222
146.241
146.205
146.190
146.164
146.123
146.125
146.114
146.158
146.109
146.137
146.152
146.170
146.209
146.175
146.205
146.200
146.202
146.180
146.169
146.141
146.173
146.184
146.149
146.148
146.171
146.131
146.138
146.158
146.129
146.158
146.154
146.182
146.128
146.115
146.137
146.127
146.131
146.159
146.187
146.196
146.203
146.223
146.256
146.233
146.222
146.231
146.235
146.244
146.229
146.221
146.224
146.195
146.184
146.178
146.145
146.171
146.136
146.128
146.132
146.140
146.130
146.117
146.117
146.089
146.108
146.100
146.096
146.072
146.080
146.110
146.094
146.094
146.060
146.080
146.081
146.076
146.073
146.069
146.094
146.124
146.125
146.119
146.087
146.085
146.096
146.093
146.094
146.094
146.099
146.114
146.119
146.106
146.105
146.107
146.107
146.097
146.132
146.125
146.094
146.094
146.095
146.092
146.086
146.096
146.104
146.101
146.065
146.058
146.060
146.067
146.068
146.071
146.045
146.070
146.063
146.064
146.063
146.070
146.034
146.045
146.026
146.032
146.031
146.041
146.021
146.024
146.024
146.034
146.040
146.047
146.045
146.057
146.065
146.067
146.072
146.068
146.052
146.060
146.053
146.064
146.064
146.054
146.058
146.068
146.074
146.066
146.078
146.070
146.076
146.092
146.102
146.106
146.097
146.091
146.086
146.105
146.124
146.131
146.137
146.144
146.154
146.147
146.164
146.144
146.153
146.162
146.184
146.200
146.199
146.225
146.227
146.219
146.212
146.201
146.204
146.227
146.250
146.239
146.252
146.264
146.270
146.249
146.240
146.255
146.263
146.271
146.267
146.262
146.247
146.268
146.235
146.227
146.217
146.215
146.199
146.199
146.181
146.184
146.175
146.184
146.197
146.217
146.223
146.228
146.237
146.230
146.236
146.241
146.256
146.251
146.242
146.246
146.248
146.252
146.258
146.263
146.277
146.272
146.262
146.274
146.269
146.272
146.289
146.294
146.316
146.298
146.297
146.276
146.280
146.273
146.268
146.273
146.273
146.277
146.284
146.267
146.284
146.296
146.313
146.325
146.332
146.310
146.311
146.292
146.287
146.288
146.274
146.284
146.306
146.307
146.284
146.271
146.275
146.264
146.261
146.250
146.253
146.242
146.237
146.303
146.298
146.301
146.302
146.285
146.287
146.287
146.267
146.242
146.262
146.252
146.249
146.260
146.252
146.254
146.243
146.249
146.257
146.254
146.260
146.256
146.255
146.239
146.233
146.227
146.220
146.224
146.225
146.228
146.226
146.211
146.207
146.207
146.201
146.198
146.201
146.199
146.198
146.216
146.190
146.188
146.198
146.183
146.180
146.170
146.174
146.166
146.181
146.177
146.186
146.189
146.185
146.187
146.186
146.189
146.185
146.189
146.184
146.192
146.191
146.184
146.183
146.175
146.171
146.173
146.176
146.172
146.163
146.169
146.130
146.136
146.125
146.110
146.116
146.112
146.086
146.079
146.085
146.083
146.091
146.094
146.089
146.068
146.076
146.082
146.081
146.085
146.074
146.070
146.048
146.047
146.049
146.054
146.058
146.074
146.080
146.031
146.000
146.053
146.015
146.032
146.067
146.047
146.039
146.063
145.998
145.988
145.988
145.998
145.986
145.996
146.030
146.029
146.046
146.045
146.044
146.044
146.020
146.012
146.025
146.043
146.045
146.046
146.046
146.018
145.992
146.010
146.003
145.996
145.998
145.994
145.973
145.966
145.958
145.953
145.841
145.798
145.816
145.799
145.785
145.775
145.769
145.566
145.461
145.517
145.610
145.605
145.605
145.609
145.604
145.559
145.549
145.580
145.597
145.616
145.605
145.618
145.580
145.588
145.597
145.572
145.524
145.536
145.522
145.523
145.528
145.531
145.536
145.526
145.510
145.500
145.459
145.426
145.439
145.426
145.390
145.386
145.161
145.233
145.191
145.162
145.157
145.289
145.285
145.294
145.298
145.261
145.262
145.268
145.243
145.227
145.237
145.208
145.277
145.224
145.233
145.215
145.317
145.322
145.397
145.326
145.360
145.395
145.414
145.401
145.376
145.352
145.342
145.401
145.419
145.397
145.416
145.407
145.424
145.425
145.431
145.441
145.413
145.407
145.383
145.405
145.400
145.389
145.400
145.392
145.375
145.372
145.366
145.362
145.341
145.354
145.361
145.382
145.401
145.432
145.414
145.418
145.429
145.396
145.407
145.402
145.400
145.412
145.410
145.427
145.439
145.456
145.451
145.446
145.440
145.436
145.439
145.434
145.433
145.428
145.416
145.374
145.365
145.379
145.423
145.407
145.431
145.412
145.442
145.440
145.445
145.477
145.476
145.511
145.565
145.570
145.553
145.553
145.563
145.553
145.526
145.527
145.526
145.552
145.547
145.559
145.548
145.527
145.522
145.533
145.517
145.494
145.490
145.516
145.506
145.495
145.511
145.506
145.513
145.513
145.507
145.521
145.507
145.504
145.517
145.519
145.529
145.533
145.516
145.494
145.487
145.479
145.481
145.470
145.482
145.470
145.470
145.466
145.446
145.407
145.410
145.425
145.406
145.422
145.431
145.436
145.455
145.459
145.444
145.443
145.467
145.487
145.495
145.478
145.478
145.485
145.490
145.487
145.491
145.482
145.464
145.463
145.428
145.433
145.447
145.421
145.428
145.422
145.403
145.411
145.406
145.382
145.398
145.424
145.417
145.434
145.442
145.447
145.447
145.446
145.454
145.472
145.470
145.461
145.461
145.468
145.458
145.455
145.454
145.484
145.483
145.482
145.475
145.483
145.481
145.476
145.476
145.473
145.486
145.487
145.486
145.483
145.478
145.484
145.487
145.496
145.490
145.494
145.496
145.500
145.511
145.522
145.534
145.531
145.550
145.551
145.557
145.558
145.578
145.582
145.603
145.611
145.606
145.606
145.603
145.586
145.582
145.568
145.541
145.558
145.559
145.553
145.549
145.555
145.556
145.556
145.549
145.544
145.546
145.544
145.555
145.572
145.576
145.582
145.586
145.590
145.576
145.579
145.588
145.597
145.586
145.593
145.597
145.606
145.619
145.625
145.622
145.622
145.620
145.586
145.597
145.584
145.604
145.609
145.628
145.642
145.649
145.642
145.630
145.642
145.620
145.627
145.634
145.638
145.636
145.609
145.600
145.589
145.600
145.592
145.598
145.589
145.583
145.594
145.597
145.591
145.611
145.624
145.623
145.616
145.620
145.613
145.609
145.615
145.617
145.616
145.623
145.622
145.631
145.632
145.633
145.639
145.646
145.642
145.640
145.632
145.633
145.640
145.634
145.630
145.655
145.640
145.644
145.637
145.634
145.642
145.651
145.643
145.643
145.641
145.643
145.640
145.636
145.635
145.637
145.642
145.631
145.631
145.639
145.647
145.655
145.655
145.646
145.644
145.660
145.662
145.669
145.678
145.690
145.707
145.713
145.706
145.696
145.695
145.666
145.667
145.666
145.655
145.656
145.654
145.641
145.680
145.664
145.662
145.657
145.660
145.662
145.671
145.664
145.672
145.674
145.694
145.693
145.681
145.668
145.647
145.643
145.641
145.649
145.633
145.638
145.590
145.582
145.589
145.554
145.549
145.528
145.543
145.556
145.559
145.554
145.582
145.569
145.573
145.578
145.577
145.571
145.577
145.588
145.596
145.587
145.618
145.618
145.614
145.614
145.609
145.598
145.585
145.582
145.561
145.557
145.522
145.568
145.508
145.520
145.530
145.492
145.495
145.513
145.506
145.507
145.498
145.464
145.459
145.440
145.438
145.419
145.382
145.429
145.414
145.415
145.422
145.455
145.450
145.434
145.440
145.440
145.437
145.420
145.417
145.396
145.376
145.376
145.329
145.312
145.328
145.305
145.289
145.293
145.299
145.313
145.307
145.319
145.276
145.271
145.306
145.343
145.306
145.304
145.285
145.261
145.212
145.168
145.184
145.206
145.223
145.213
145.186
145.221
145.225
145.194
145.206
145.247
145.222
145.244
145.232
145.234
145.228
145.253
145.247
145.316
145.353
145.358
145.312
145.316
145.298
145.301
145.309
145.334
145.333
145.375
145.364
145.362
145.363
145.389
145.398
145.397
145.413
145.457
145.472
145.410
145.444
145.442
145.425
145.408
145.411
145.396
145.342
145.351
145.338
145.344
145.342
145.338
145.277
145.285
145.229
145.237
145.264
145.270
145.322
145.225
145.239
145.233
145.218
145.232
145.261
145.267
145.260
145.276
145.277
145.258
145.251
145.252
145.241
145.065
144.996
144.877
144.798
144.848
144.861
144.882
144.790
144.679
144.495
144.357
144.465
144.527
144.546
144.356
144.219
144.327
144.324
144.389
144.376
144.386
144.346
144.360
144.352
144.406
144.431
144.474
144.473
144.481
144.511
144.507
144.527
144.541
144.538
144.521
144.551
144.648
144.712
144.746
144.712
144.743
144.715
144.676
144.775
144.769
144.818
144.861
144.821
144.786
144.855
144.865
144.900
144.835
144.818
144.729
144.646
144.625
144.619
144.638
144.609
144.599
144.539
144.536
144.565
144.497
144.467
144.477
144.422
144.430
144.372
144.332
144.330
144.363
144.452
144.542
144.520
144.565
144.561
144.588
144.587
144.574
144.585
144.649
144.637
144.674
144.570
144.501
144.232
144.299
144.354
144.423
144.430
144.464
144.477
144.473
144.493
144.398
144.398
144.438
144.498
144.566
144.579
144.612
144.576
144.602
144.562
144.603
144.635
144.646
144.624
144.705
144.699
144.672
144.648
144.694
144.672
144.736
144.818
144.728
144.791
144.751
144.700
144.717
144.724
144.705
144.725
144.623
144.590
144.610
144.690
144.673
144.664
144.649
144.567
144.560
144.553
144.585
144.582
144.581
144.474
144.523
144.512
144.497
144.517
144.530
144.533
144.565
144.625
144.603
144.630
144.615
144.610
144.608
144.642
144.607
144.612
144.633
144.599
144.584
144.561
144.592
144.634
144.656
144.584
144.576
144.606
144.592
144.539
144.522
144.532
144.573
144.625
144.593
144.585
144.606
144.604
144.613
144.576
144.604
144.575
144.567
144.574
144.575
144.585
144.587
144.631
144.657
144.636
144.647
144.645
144.692
144.692
144.746
144.755
144.770
144.751
144.764
144.735
144.771
144.740
144.698
144.742
144.731
144.735
144.738
144.745
144.743
144.726
144.727
144.669
144.648
144.690
144.709
144.688
144.711
144.680
144.697
144.672
144.684
144.687
144.709
144.708
144.723
144.740
144.736
144.715
144.717
144.710
144.636
144.678
144.669
144.686
144.696
144.690
144.636
144.639
144.625
144.619
144.599
144.526
144.521
144.542
144.559
144.560
144.531
144.543
144.508
144.471
144.477
144.510
144.491
144.561
144.528
144.499
144.489
144.536
144.538
144.569
144.590
144.545
144.558
144.557
144.559
144.541
144.571
144.564
144.569
144.536
144.545
144.541
144.599
144.601
144.596
144.570
144.588
144.594
144.567
144.477
144.511
144.473
144.474
144.456
144.425
144.267
144.215
144.027
144.193
144.265
144.284
144.319
144.327
144.293
144.273
144.294
144.309
144.316
144.304
144.310
144.283
144.295
144.294
144.289
144.294
144.259
144.248
144.250
144.225
144.139
144.166
144.229
144.254
144.238
144.226
144.255
144.186
144.177
144.173
144.109
144.128
144.120
144.121
144.107
144.073
144.118
144.091
144.124
144.149
144.172
144.123
144.142
144.159
144.108
144.029
143.990
144.061
144.058
144.076
144.068
144.015
144.012
144.059
144.023
144.026
144.022
144.045
144.037
144.076
144.128
144.110
144.173
144.146
144.162
144.161
144.172
144.175
144.140
144.148
144.137
144.053
144.057
144.040
144.103
144.098
144.071
144.070
144.069
144.068
144.067
144.033
144.010
144.016
144.049
144.010
144.066
144.062
144.057
144.079
144.074
144.110
144.118
144.119
144.108
144.118
144.113
144.135
144.122
144.126
144.130
144.144
144.165
144.150
144.124
144.089
144.035
144.042
144.079
144.113
144.121
144.134
144.147
144.157
144.167
144.182
144.182
144.128
144.213
144.215
144.267
144.290
144.300
144.332
144.312
144.326
144.336
144.336
144.334
144.363
144.338
144.192
144.271
144.322
144.278
144.299
144.285
144.269
144.290
144.296
144.294
144.301
144.291
144.281
144.270
144.259
144.263
144.295
144.247
144.258
144.235
144.276
144.236
144.238
144.230
144.216
144.232
144.211
144.204
144.213
144.187
144.170
144.140
144.124
144.155
144.164
144.140
144.132
144.092
144.046
144.018
143.958
143.959
143.837
143.945
143.884
143.765
143.769
143.830
143.882
143.856
143.859
143.844
143.823
143.827
143.826
143.831
143.826
143.835
143.845
143.861
143.885
143.887
143.910
143.913
143.933
143.914
143.882
143.912
143.919
143.902
143.878
143.856
143.849
143.840
143.850
143.902
143.897
143.871
143.866
143.868
143.860
143.870
143.854
143.828
143.793
143.622
143.662
143.549
143.616
143.546
143.526
143.496
143.554
143.487
143.536
143.631
143.625
143.614
143.616
143.605
143.571
143.596
143.615
143.617
143.625
143.623
143.631
143.644
143.662
143.683
143.705
143.694
143.666
143.664
143.684
143.715
143.713
143.740
143.745
143.729
143.705
143.687
143.688
143.687
143.655
143.639
143.622
143.623
143.620
143.607
143.578
143.618
143.602
143.571
143.560
143.559
143.568
143.580
143.614
143.581
143.594
143.566
143.553
143.549
143.543
143.542
143.491
143.487
143.530
143.521
143.530
143.533
143.550
143.561
143.558
143.565
143.572
143.582
143.589
143.609
143.669
143.699
143.740
143.739
143.713
143.687
143.699
143.673
143.692
143.686
143.677
143.683
143.710
143.679
143.679
143.669
143.669
143.672
143.660
143.653
143.631
143.621
143.614
143.593
143.613
143.598
143.590
143.609
143.614
143.618
143.619
143.594
143.581
143.580
143.567
143.559
143.596
143.610
143.584
143.612
143.602
143.617
143.606
143.611
143.601
143.603
143.589
143.598
143.606
143.609
143.591
143.608
143.608
143.590
143.598
143.609
143.615
143.617
143.620
143.624
143.615
143.574
143.577
143.582
143.589
143.579
143.587
143.579
143.594
143.593
143.595
143.599
143.616
143.627
143.614
143.601
143.601
143.609
143.603
143.592
143.588
143.588
143.602
143.601
143.610
143.617
143.621
143.642
143.645
143.645
143.683
143.674
143.678
143.678
143.676
143.663
143.673
143.655
143.642
143.643
143.636
143.641
143.623
143.618
143.599
143.577
143.559
143.558
143.569
143.584
143.601
143.610
143.644
143.640
143.639
143.655
143.652
143.673
143.687
143.676
143.683
143.676
143.661
143.667
143.637
143.661
143.689
143.693
143.691
143.688
143.675
143.683
143.683
143.670
143.675
143.708
143.699
143.706
143.706
143.727
143.722
143.739
143.746
143.745
143.741
143.736
143.736
143.739
143.740
143.741
143.742
143.721
143.721
143.738
143.746
143.750
143.732
143.733
143.716
143.719
143.700
143.692
143.695
143.713
143.716
143.709
143.703
143.682
143.658
143.658
143.635
143.636
143.644
143.645
143.653
143.660
143.671
143.669
143.657
143.676
143.738
143.731
143.730
143.716
143.717
143.743
143.771
143.765
143.775
143.756
143.751
143.761
143.807
143.786
143.777
143.777
143.796
143.813
143.838
143.831
143.826
143.841
143.820
143.805
143.822
143.847
143.855
143.861
143.854
143.845
143.824
143.826
143.817
143.794
143.765
143.766
143.751
143.762
143.782
143.773
143.757
143.737
143.739
143.707
143.684
143.687
143.700
143.674
143.655
143.644
143.655
143.667
143.662
143.662
143.677
143.692
143.728
143.708
143.724
143.672
143.708
143.742
143.742
143.691
143.676
143.660
143.653
143.666
143.666
143.652
143.652
143.656
143.643
143.639
143.629
143.643
143.643
143.654
143.708
143.678
143.677
143.673
143.677
143.678
143.659
143.659
143.663
143.697
143.670
143.645
143.668
143.670
143.658
143.662
143.698
143.685
143.697
143.678
143.678
143.692
143.699
143.712
143.704
143.711
143.720
143.725
143.720
143.719
143.728
143.715
143.717
143.779
143.783
143.766
143.763
143.771
143.786
143.787
143.782
143.775
143.774
143.776
143.775
143.781
143.785
143.787
143.788
143.798
143.797
143.796
143.790
143.790
143.791
143.796
143.810
143.821
143.826
143.820
143.823
143.822
143.824
143.830
143.835
143.843
143.847
143.845
143.845
143.843
143.834
143.828
143.813
143.805
143.802
143.804
143.793
143.787
143.786
143.706
143.706
143.715
143.707
143.713
143.697
143.696
143.682
143.673
143.670
143.654
143.654
143.658
143.696
143.708
143.695
143.705
143.704
143.647
143.591
143.593
143.568
143.567
143.539
143.566
143.574
143.572
143.578
143.574
143.589
143.597
143.600
143.598
143.596
143.589
143.578
143.579
143.562
143.554
143.559
143.553
143.560
143.555
143.570
143.541
143.548
143.625
143.607
143.609
143.599
143.585
143.592
143.595
143.609
143.641
143.649
143.632
143.629
143.622
143.600
143.609
143.595
143.577
143.611
143.607
143.594
143.594
143.626
143.626
143.631
143.627
143.643
143.599
143.622
143.602
143.594
143.600
143.582
143.564
143.563
143.549
143.541
143.541
143.538
143.555
143.553
143.555
143.547
143.523
143.527
143.531
143.539
143.542
143.547
143.563
143.567
143.578
143.561
143.567
143.543
143.552
143.522
143.523
143.537
143.538
143.529
143.516
143.525
143.533
143.538
143.546
143.544
143.527
143.521
143.525
143.508
143.503
143.512
143.502
143.475
143.325
143.374
143.391
143.360
143.325
143.352
143.333
143.341
143.353
143.347
143.364
143.355
143.350
143.336
143.313
143.299
143.345
143.345
143.340
143.361
143.352
143.350
143.330
143.349
143.335
143.334
143.325
143.301
143.253
143.258
143.274
143.275
143.285
143.264
143.246
143.193
143.185
143.176
143.109
143.087
143.078
143.090
143.074
143.108
143.112
143.162
143.142
143.177
143.162
143.153
143.201
143.227
143.240
143.249
143.266
143.260
143.258
143.218
143.183
143.186
143.198
143.214
143.237
143.234
143.259
143.273
143.282
143.252
143.268
143.228
143.229
143.213
143.234
143.243
143.246
143.241
143.247
143.252
143.255
143.264
143.249
143.257
143.263
143.259
143.263
143.286
143.285
143.296
143.298
143.307
143.314
143.314
143.318
143.313
143.310
143.311
143.293
143.284
143.284
143.247
143.247
143.259
143.265
143.278
143.299
143.277
143.268
143.295
143.292
143.283
143.290
143.290
143.296
143.287
143.281
143.296
143.328
143.327
143.330
143.329
143.325
143.345
143.347
143.349
143.401
143.398
143.398
143.394
143.388
143.395
143.397
143.414
143.416
143.409
143.416
143.408
143.402
143.393
143.400
143.400
143.408
143.404
143.410
143.407
143.405
143.396
143.393
143.367
143.366
143.365
143.376
143.372
143.377
143.381
143.383
143.381
143.375
143.361
143.355
143.326
143.327
143.314
143.309
143.297
143.290
143.276
143.275
143.252
143.253
143.271
143.264
143.331
143.324
143.327
143.360
143.362
143.366
143.368
143.354
143.358
143.371
143.350
143.357
143.399
143.407
143.405
143.375
143.407
143.383
143.388
143.357
143.356
143.382
143.366
143.332
143.321
143.352
143.383
143.380
143.395
143.402
143.408
143.384
143.358
143.359
143.379
143.377
143.376
143.363
143.362
143.380
143.372
143.325
143.362
143.354
143.360
143.365
143.367
143.371
143.371
143.368
143.320
143.325
143.347
143.349
143.352
143.364
143.374
143.377
143.395
143.418
143.395
143.397
143.411
143.414
143.410
143.420
143.429
143.491
143.501
143.494
143.515
143.502
143.504
143.492
143.473
143.479
143.487
143.508
143.504
143.506
143.499
143.504
143.500
143.512
143.510
143.490
143.493
143.471
143.469
143.477
143.481
143.471
143.464
143.449
143.438
143.417
143.434
143.432
143.443
143.447
143.444
143.445
143.443
143.434
143.452
143.416
143.321
143.363
143.365
143.381
143.347
143.348
143.327
143.290
143.304
143.312
143.303
143.306
143.309
143.363
143.395
143.380
143.383
143.403
143.397
143.383
143.374
143.385
143.382
143.372
143.373
143.416
143.417
143.422
143.439
143.397
143.399
143.404
143.379
143.377
143.375
143.420
143.440
143.464
143.659
143.578
143.551
143.560
143.545
143.540
143.529
143.495
143.575
143.568
143.555
143.564
143.551
143.534
143.528
143.522
143.461
143.456
143.404
143.435
143.440
143.406
143.415
143.473
143.460
143.449
143.487
143.477
143.503
143.527
143.526
143.574
143.598
143.588
143.618
143.633
143.599
143.591
143.588
143.613
143.602
143.619
143.546
143.563
143.542
143.519
143.542
143.519
143.531
143.532
143.471
143.473
143.483
143.457
143.465
143.513
143.470
143.481
143.316
143.220
143.248
143.279
143.209
143.215
143.290
143.226
143.257
143.265
143.361
143.334
