143.597
143.631
143.612
143.676
143.731
143.912
143.880
143.919
144.036
144.008
143.952
143.993
144.049
144.024
144.038
144.015
143.979
143.980
143.982
143.950
143.936
143.894
143.823
143.814
143.783
143.791
143.850
143.922
143.918
143.943
143.926
143.867
143.928
143.885
143.861
143.982
143.989
143.923
143.973
144.013
144.024
144.042
144.015
143.990
144.047
144.049
144.111
144.079
144.058
144.098
144.070
144.062
144.083
144.017
144.038
144.055
144.040
144.098
144.086
144.095
143.981
143.995
143.905
143.845
143.893
143.941
143.858
143.841
143.839
143.824
143.841
143.905
143.939
143.945
143.951
143.918
143.887
143.908
143.910
143.904
143.904
143.896
143.889
143.883
143.867
143.873
143.878
143.904
143.898
143.904
143.894
143.886
143.834
143.735
143.787
143.819
143.844
143.850
143.813
143.791
143.735
143.684
143.721
143.757
143.752
143.736
143.729
144.038
143.978
143.924
143.862
143.916
143.947
143.986
143.930
143.933
143.947
143.819
143.920
143.955
145.283
144.972
143.768
143.768
146.622
145.888
147.063
147.266
147.039
146.835
146.813
147.069
147.226
147.236
147.295
147.379
147.506
147.531
147.470
147.514
147.504
147.472
147.382
147.369
147.309
147.330
147.377
147.475
147.603
147.670
147.672
147.681
147.688
147.690
147.709
147.714
147.741
147.774
147.808
147.801
147.800
147.820
147.820
147.825
147.829
147.864
147.876
147.862
147.809
147.823
147.820
147.742
147.205
147.227
147.149
147.291
147.229
147.257
147.506
147.501
147.286
147.366
147.369
147.361
147.283
147.380
147.450
147.490
147.507
147.454
147.340
147.418
147.406
147.436
147.465
147.432
147.440
147.455
147.412
147.658
147.545
147.601
147.601
147.536
147.511
147.511
147.488
147.468
147.433
147.408
147.303
147.397
147.464
147.500
147.409
147.420
147.434
147.423
147.444
147.452
147.472
147.424
147.391
147.406
147.398
147.393
147.295
147.233
147.256
147.265
147.289
147.301
147.369
147.428
147.394
147.417
147.406
147.399
147.399
147.407
147.387
147.461
147.452
147.438
147.326
147.258
147.266
147.216
147.208
147.217
147.196
147.205
147.313
147.319
147.279
147.264
147.251
147.216
147.226
147.234
147.255
147.269
147.266
147.231
147.261
147.315
147.395
147.438
147.377
147.309
147.320
147.319
147.312
147.315
147.303
147.290
147.291
147.308
147.287
147.280
147.230
147.237
147.265
147.237
147.236
147.231
147.238
147.251
147.262
147.279
147.266
147.306
147.318
147.345
147.282
147.288
147.303
147.313
147.330
147.375
147.404
147.420
147.422
147.419
147.373
147.353
147.409
147.411
147.386
147.381
147.421
147.407
147.386
147.417
147.407
147.439
147.387
147.402
147.380
147.376
147.363
147.343
147.361
147.373
147.452
147.533
147.520
147.511
147.549
147.552
147.534
147.510
147.556
147.567
147.563
147.567
147.591
147.590
147.625
147.613
147.610
147.593
147.570
147.564
147.577
147.593
147.614
147.637
147.659
147.716
147.750
147.781
147.777
147.821
147.820
147.789
147.772
147.779
147.762
147.778
147.778
147.787
147.785
147.797
147.799
147.788
147.767
147.795
147.786
147.796
147.805
147.788
147.838
147.867
147.863
147.936
147.906
147.852
147.832
147.852
147.832
147.779
147.772
147.732
147.758
147.739
147.736
147.735
147.736
147.710
147.700
147.687
147.615
147.581
147.593
147.614
147.604
147.596
147.592
147.610
147.697
147.696
147.706
147.670
147.644
147.670
147.649
147.634
147.627
147.647
147.640
147.661
147.613
147.609
147.614
147.625
147.619
147.625
147.640
147.645
147.635
147.644
147.634
147.652
147.637
147.654
147.674
147.662
147.645
147.638
147.642
147.587
147.570
147.573
147.563
147.477
147.465
147.333
147.415
147.481
147.465
147.397
147.369
147.339
147.387
147.477
147.431
147.418
147.437
147.525
147.543
147.493
147.517
147.541
147.504
147.527
147.537
147.529
147.520
147.520
147.517
147.558
147.560
147.574
147.622
147.612
147.624
147.656
147.658
147.665
147.653
147.670
147.633
147.630
147.630
147.621
147.631
147.609
147.635
147.667
147.690
147.697
147.679
147.694
147.683
147.681
147.678
147.666
147.636
147.641
147.653
147.647
147.642
147.592
147.576
147.515
147.547
147.570
147.529
147.553
147.578
147.588
147.554
147.553
147.507
147.510
147.512
147.536
147.518
147.500
147.537
147.529
147.511
147.463
147.482
147.487
147.518
147.528
147.526
147.538
147.531
147.538
147.487
147.496
147.509
147.499
147.509
147.507
147.518
147.517
147.522
147.538
147.534
147.549
147.542
147.524
147.522
147.532
147.521
147.506
147.489
147.548
147.522
147.511
147.526
147.549
147.535
147.583
147.577
147.556
147.557
147.569
147.565
147.552
147.533
147.550
147.551
147.554
147.561
147.568
147.564
147.542
147.524
147.509
147.507
147.554
147.580
147.565
147.564
147.585
147.593
147.594
147.625
147.630
147.638
147.621
147.620
147.643
147.631
147.590
147.589
147.645
147.641
147.631
147.619
147.644
147.651
147.635
147.625
147.599
147.607
147.599
147.579
147.608
147.623
147.623
147.606
147.613
147.625
147.632
147.626
147.589
147.613
147.599
147.572
147.571
147.621
147.647
147.640
147.657
147.652
147.613
147.617
147.614
147.601
147.620
147.590
147.579
147.595
147.593
147.569
147.585
147.609
147.625
147.641
147.623
147.638
147.617
147.589
147.608
147.615
147.603
147.637
147.642
147.658
147.659
147.638
147.653
147.660
147.664
147.612
147.601
147.622
147.625
147.621
147.607
147.627
147.612
147.590
147.584
147.587
147.582
147.568
147.510
147.421
147.408
147.317
147.319
147.385
147.391
147.395
147.457
147.486
147.494
147.438
147.511
147.528
147.486
147.488
147.457
147.432
147.430
147.424
147.368
147.357
147.331
147.370
147.283
147.255
147.271
147.248
147.266
147.241
147.238
147.218
147.221
147.224
147.142
147.120
147.159
147.168
147.295
147.243
147.193
147.192
147.128
147.138
147.117
147.082
147.074
147.067
147.068
147.072
147.150
147.110
147.094
147.093
147.064
147.060
147.059
147.068
147.071
147.066
147.070
147.090
147.186
147.129
147.114
147.093
147.107
147.073
147.136
147.149
147.122
147.135
147.157
147.143
147.122
147.146
147.178
147.163
147.168
147.169
147.135
147.111
147.098
147.095
147.069
147.070
147.040
146.991
146.978
146.928
146.962
146.949
146.954
146.935
146.976
146.977
146.926
146.945
146.944
146.955
146.977
147.011
147.048
147.024
147.025
147.035
146.990
147.016
147.063
147.116
147.084
147.063
147.017
147.022
147.015
146.977
146.992
146.976
146.994
146.995
146.976
146.928
146.921
146.859
146.855
146.853
146.858
146.895
146.850
146.854
146.899
146.886
146.879
146.878
146.881
146.770
146.704
146.732
146.729
146.766
146.732
146.720
146.693
146.638
146.563
146.545
146.507
146.494
146.538
146.542
146.621
146.626
146.670
146.671
146.651
146.687
146.732
146.709
146.748
146.758
146.708
146.733
146.748
146.733
146.775
146.793
146.844
146.873
146.939
146.933
146.947
146.933
147.075
147.067
147.063
147.061
147.004
146.971
147.004
147.053
147.053
147.078
147.109
147.065
147.027
147.012
147.070
147.078
147.073
147.028
147.059
147.032
147.086
147.061
147.087
147.084
147.055
147.101
147.096
147.122
147.124
147.062
147.004
147.047
147.040
147.034
147.032
147.038
147.036
147.105
147.102
147.063
147.016
147.031
147.019
147.006
147.000
146.931
146.962
146.963
146.981
146.988
146.970
146.973
146.926
146.932
146.915
146.875
146.893
146.892
146.881
146.877
146.866
146.861
146.789
146.773
146.803
146.765
146.780
146.826
146.812
146.810
146.745
146.774
146.820
146.821
146.863
146.864
146.843
146.774
146.781
146.756
146.748
146.751
146.738
146.782
146.764
146.742
146.762
146.737
146.747
146.779
146.731
146.761
146.719
146.733
146.728
146.829
146.782
146.781
146.770
146.773
146.765
146.772
146.798
146.781
146.831
146.840
146.867
146.862
146.893
146.894
146.968
146.955
146.944
146.912
146.918
146.903
146.909
146.916
146.906
146.875
146.890
146.880
146.892
146.906
146.891
146.910
146.908
146.919
146.902
146.892
146.918
146.914
146.910
146.830
146.789
146.796
146.793
146.775
146.754
146.756
146.780
146.798
146.795
146.795
146.799
146.800
146.833
146.816
146.823
146.836
146.839
146.850
146.833
146.801
146.812
146.817
146.799
146.783
146.756
146.772
146.768
146.766
146.799
146.791
146.781
146.783
146.787
146.791
146.774
146.770
146.761
146.756
146.745
146.719
146.728
146.767
146.744
146.731
146.747
146.757
146.764
146.778
146.795
146.786
146.748
146.748
146.760
146.760
146.748
146.742
146.714
146.689
146.703
146.722
146.595
146.623
146.550
146.598
146.575
146.625
146.608
146.663
146.649
146.621
146.634
146.635
146.651
146.640
146.608
146.597
146.596
146.602
146.573
146.590
146.557
146.492
146.507
146.542
146.495
146.484
146.484
146.465
146.485
146.527
146.490
146.489
146.456
146.528
146.580
146.575
146.588
146.589
146.586
146.554
146.496
146.483
146.355
146.369
146.301
146.306
146.296
146.344
146.377
146.383
146.334
146.307
146.314
146.290
146.292
146.182
146.143
146.200
146.130
146.077
145.896
146.094
146.078
146.080
146.069
146.125
146.139
146.124
146.119
145.774
145.897
145.940
145.859
145.789
145.859
145.814
145.722
145.669
145.698
145.782
145.795
145.865
145.897
145.909
145.804
145.770
145.794
145.782
145.775
145.724
145.739
145.696
145.693
145.660
145.632
145.574
145.523
145.572
145.577
145.466
145.535
145.604
145.662
145.686
145.694
145.686
145.704
145.780
145.787
145.786
145.743
145.715
145.661
145.651
145.733
145.726
145.712
145.673
145.741
145.710
145.738
145.692
145.770
146.102
146.226
146.316
146.405
146.298
146.224
146.161
146.049
145.914
145.954
145.951
145.919
145.820
145.757
145.756
145.851
145.870
145.899
145.984
145.961
145.936
145.987
146.066
146.000
146.013
146.093
146.054
145.884
145.917
145.867
145.840
145.825
145.769
145.760
145.695
145.662
145.581
145.484
145.567
145.631
145.732
145.656
145.730
145.709
145.736
145.758
145.744
145.707
145.676
145.597
145.691
145.763
145.799
145.752
145.761
145.736
145.824
145.790
145.797
145.803
145.801
145.835
145.774
145.837
145.825
145.786
145.806
145.882
145.954
145.898
145.778
145.736
145.776
145.732
145.717
145.717
145.640
145.612
145.572
145.564
145.522
145.592
145.639
145.620
145.650
145.594
145.606
145.627
145.662
145.624
145.632
145.613
145.648
145.617
145.647
145.624
145.623
145.638
145.642
145.673
145.677
145.667
145.672
145.694
145.710
145.718
145.720
145.714
145.706
145.744
145.767
145.817
145.803
145.851
145.886
145.899
145.896
145.873
145.851
145.827
145.817
145.793
145.805
145.820
145.803
145.795
145.773
145.795
145.801
145.783
145.795
145.814
145.841
145.827
145.823
145.769
145.777
145.784
145.787
145.783
145.786
145.762
145.783
145.780
145.804
145.805
145.789
145.796
145.778
145.763
145.756
145.755
145.758
145.776
145.794
145.797
145.798
145.810
145.792
145.800
145.767
145.791
145.790
145.771
145.746
145.754
145.750
145.755
145.733
145.758
145.726
145.752
145.762
145.716
145.701
145.669
145.601
145.657
145.624
145.657
145.669
145.663
145.672
145.677
145.727
145.727
145.734
145.731
145.719
145.703
145.714
145.683
145.690
145.660
145.638
145.626
145.625
145.593
145.595
145.604
145.584
145.591
145.618
145.629
145.631
145.629
145.641
145.625
145.625
145.632
145.645
145.652
145.643
145.630
145.641
145.662
145.676
145.736
145.720
145.711
145.706
145.711
145.697
145.689
145.668
145.668
145.671
145.667
145.675
145.669
145.705
145.716
145.709
145.683
145.678
145.694
145.722
145.740
145.731
145.738
145.736
145.708
145.705
145.719
145.729
145.768
145.743
145.756
145.722
145.723
145.726
145.741
145.715
145.727
145.714
145.713
145.733
145.728
145.744
145.753
145.747
145.746
145.742
145.740
145.731
145.748
145.741
145.745
145.737
145.761
145.750
145.752
145.749
145.734
145.745
145.740
145.742
145.746
145.753
145.739
145.731
145.726
145.726
145.759
145.749
145.744
145.755
145.760
145.761
145.746
145.752
145.753
145.767
145.760
145.758
145.783
145.787
145.792
145.802
145.817
145.807
145.798
145.793
145.812
145.789
145.786
145.787
145.785
145.802
145.779
145.797
145.810
145.803
145.802
145.790
145.780
145.773
145.768
145.775
145.780
145.817
145.800
145.799
145.804
145.803
145.799
145.813
145.802
145.816
145.808
145.804
145.792
145.803
145.807
145.815
145.807
145.820
145.829
145.832
145.843
145.845
145.843
145.861
145.860
145.861
145.863
145.865
145.867
145.860
145.868
145.878
145.880
145.876
145.879
145.879
145.881
145.896
145.901
145.879
145.883
145.885
145.858
145.854
145.835
145.844
145.849
145.841
145.825
145.832
145.840
145.826
145.831
145.846
145.847
145.848
145.821
145.828
145.839
145.840
145.828
145.822
145.812
145.806
145.823
145.818
145.829
145.792
145.800
145.821
145.820
145.837
145.834
145.840
145.833
145.830
145.811
145.808
145.800
145.821
145.794
145.790
145.788
145.781
145.789
145.786
145.778
145.779
145.777
145.778
145.777
145.799
145.805
145.801
145.802
145.772
145.778
145.763
145.754
145.744
145.746
145.771
145.758
145.783
145.799
145.794
145.792
145.791
145.786
145.800
145.813
145.820
145.826
145.835
145.813
145.815
145.817
145.821
145.851
145.855
145.865
145.869
145.874
145.884
145.880
145.870
145.884
145.904
145.900
145.873
145.885
145.881
145.883
145.881
145.895
145.898
145.901
145.899
145.898
145.888
145.894
145.893
145.897
145.907
145.918
145.912
145.900
145.917
145.927
145.920
145.928
145.932
145.951
145.957
145.960
145.967
145.978
145.968
145.972
145.968
145.967
145.977
145.979
145.994
145.991
145.987
145.989
146.008
146.013
146.023
146.028
146.016
146.021
146.022
146.030
146.049
146.080
146.075
146.103
146.112
146.116
146.127
146.124
146.134
146.126
146.117
146.125
146.114
146.071
146.076
146.087
146.083
146.087
146.087
146.092
146.089
146.094
146.075
146.063
146.061
146.054
146.073
146.056
146.055
146.107
146.100
146.107
146.103
146.090
146.076
146.065
146.055
146.036
146.065
146.043
146.059
146.071
146.069
146.045
146.075
146.082
146.119
146.109
146.104
146.129
146.132
146.121
146.121
146.127
146.123
146.111
146.076
146.091
146.076
146.078
146.078
146.100
146.090
146.088
146.073
146.068
146.043
146.045
146.062
146.047
146.050
146.051
146.047
146.068
146.075
146.072
146.094
146.081
146.100
146.125
146.122
146.106
146.098
146.099
146.072
146.055
146.095
146.088
146.090
146.124
146.122
146.091
146.078
146.083
146.082
146.078
146.084
146.075
146.092
146.082
146.086
146.090
146.130
146.106
146.115
146.120
146.129
146.114
146.126
146.123
146.118
146.121
146.114
146.102
146.099
146.101
146.091
146.093
146.109
146.100
146.098
146.096
146.086
146.074
146.068
146.091
146.097
146.085
146.086
146.080
146.077
146.082
146.090
146.081
146.078
146.094
146.096
146.095
146.100
146.108
146.116
146.105
146.107
146.103
146.102
146.101
146.109
146.118
146.138
146.148
146.192
146.205
146.204
146.190
146.177
146.213
146.217
146.232
146.246
146.279
146.289
146.280
146.287
146.307
146.318
146.348
146.332
146.338
146.367
146.369
146.362
146.358
146.350
146.376
146.358
146.350
146.362
146.351
146.369
146.372
146.371
146.355
146.354
146.363
146.354
146.362
146.350
146.349
146.369
146.373
146.362
146.368
146.374
146.382
146.382
146.462
146.451
146.441
146.452
146.447
146.453
146.451
146.457
146.429
146.440
146.442
146.447
146.447
146.429
146.434
146.435
146.444
146.448
146.445
146.435
146.461
146.484
146.459
146.458
146.462
146.458
146.453
146.459
146.457
146.469
146.479
146.488
146.495
146.479
146.504
146.517
146.529
146.543
146.532
146.539
146.547
146.550
146.549
146.545
146.542
146.534
146.529
146.531
146.527
146.499
146.468
146.478
146.501
146.505
146.508
146.488
146.459
146.473
146.509
146.478
146.483
146.467
146.452
146.442
146.477
146.490
146.456
146.438
146.438
146.437
146.434
146.450
146.456
146.469
146.457
146.451
146.452
146.456
146.457
146.482
146.459
146.458
146.450
146.440
146.445
146.433
146.426
146.422
146.425
146.410
146.424
146.414
146.416
146.415
146.428
146.426
146.429
146.422
146.421
146.437
146.433
146.432
146.424
146.432
146.427
146.425
146.429
146.434
146.434
146.443
146.446
146.441
146.442
146.446
146.440
146.438
146.441
146.442
146.425
146.428
146.418
146.418
146.416
146.416
146.421
146.421
146.421
146.425
146.426
146.452
146.423
146.404
146.415
146.420
146.403
146.407
146.410
146.408
146.410
146.407
146.409
146.415
146.426
146.419
146.417
146.418
146.423
146.427
146.429
146.459
146.458
146.466
146.478
146.480
146.477
146.463
146.466
146.436
146.439
146.459
146.458
146.453
146.440
146.447
146.444
146.435
146.442
146.453
146.465
146.463
146.461
146.461
146.466
146.463
146.459
146.458
146.451
146.440
146.423
146.417
146.416
146.421
146.426
146.415
146.417
146.418
146.415
146.427
146.419
146.435
146.448
146.416
146.418
146.405
146.399
146.415
146.416
146.414
146.414
146.430
146.415
146.413
146.419
146.427
146.430
146.412
146.415
146.428
146.423
146.427
146.421
146.422
146.428
146.428
146.416
146.416
146.420
146.425
146.423
146.419
146.422
146.421
146.416
146.414
146.413
146.414
146.451
146.453
146.448
146.473
146.504
146.503
146.492
146.497
146.500
146.508
146.538
146.564
146.619
146.653
146.601
146.717
146.720
146.711
146.727
146.749
146.707
146.724
146.707
146.757
146.724
146.716
146.684
146.694
146.660
146.655
146.656
146.675
146.692
146.729
146.709
146.708
146.705
146.690
146.706
146.695
146.698
146.706
146.714
146.683
146.671
146.657
146.639
146.643
146.651
146.713
146.704
146.685
146.678
146.675
146.636
146.654
146.648
146.685
146.688
146.669
146.639
146.574
146.582
146.527
146.555
146.532
146.503
146.521
146.478
146.450
146.444
146.423
146.450
146.488
146.491
146.486
146.507
146.517
146.525
146.548
146.527
146.515
146.506
146.477
146.449
146.414
146.427
146.415
146.406
146.446
146.414
146.370
146.359
146.335
146.368
146.371
146.395
146.369
146.316
146.338
146.364
146.409
146.414
146.417
146.436
146.453
146.394
146.408
146.441
146.433
146.431
146.433
146.460
146.422
146.391
146.405
146.415
146.416
146.455
146.494
146.518
146.510
146.525
146.472
146.453
146.480
146.436
146.411
146.431
146.404
146.422
146.358
146.360
146.332
146.318
146.280
146.301
146.290
146.327
146.282
146.319
146.301
146.315
146.292
146.273
146.255
146.249
146.172
146.206
146.199
146.191
146.226
146.216
146.206
146.175
146.171
146.079
146.159
146.110
146.085
146.110
146.122
146.128
146.148
146.177
146.178
146.145
146.134
146.069
146.075
146.111
146.095
146.096
146.004
145.970
145.962
146.051
146.049
146.081
146.085
146.059
146.005
146.031
145.995
146.027
145.983
146.009
146.018
146.044
146.029
146.011
145.976
145.966
145.971
145.931
145.862
145.815
145.839
145.848
145.860
145.878
145.899
145.870
145.873
145.883
145.884
145.929
145.948
146.000
146.037
146.030
145.967
145.946
146.012
145.987
146.015
146.023
145.972
145.988
145.990
145.995
145.972
145.988
145.997
145.959
146.032
146.027
145.999
145.970
145.964
145.964
145.954
145.988
146.005
146.008
146.038
146.036
146.072
146.080
146.091
146.115
146.130
146.147
146.165
146.176
146.167
146.180
146.202
146.215
146.187
146.206
146.204
146.202
146.218
146.213
146.204
146.221
146.181
146.218
146.184
146.205
146.195
146.207
146.265
146.253
146.245
146.275
146.267
146.291
146.300
146.270
146.284
146.264
146.244
146.254
146.256
146.260
146.242
146.242
146.237
146.234
146.218
146.162
146.170
146.170
146.204
146.216
146.237
146.269
146.247
146.235
146.240
146.253
146.252
146.207
146.243
146.245
146.233
146.219
146.225
146.247
146.226
146.239
146.235
146.230
146.237
146.244
146.256
146.283
146.275
146.304
146.306
146.316
146.358
146.357
146.366
146.355
146.344
146.332
146.304
146.343
146.351
146.335
146.343
146.331
146.342
146.323
146.318
146.297
146.294
146.287
146.295
146.280
146.294
146.269
146.241
146.280
146.272
146.317
146.327
146.333
146.333
146.347
146.356
146.351
146.367
146.363
146.348
146.372
146.342
146.343
146.323
146.303
146.314
146.303
146.301
146.338
146.334
146.306
146.307
146.292
146.321
146.307
146.310
146.319
146.310
146.341
146.357
146.356
146.350
146.359
146.397
146.396
146.405
146.374
146.374
146.377
146.352
146.337
146.354
146.358
146.358
146.360
146.386
146.374
146.358
146.331
146.282
146.283
146.265
146.276
146.275
146.280
146.261
146.263
146.236
146.229
146.202
146.216
146.216
146.205
146.173
146.154
146.122
146.102
146.044
146.036
146.035
146.009
146.015
145.985
145.980
146.001
146.007
146.063
146.081
146.027
146.011
145.965
145.955
145.971
145.985
146.029
146.024
146.015
146.029
146.049
146.069
146.085
146.073
146.053
146.077
146.063
146.057
146.032
146.014
145.947
145.888
145.928
145.928
145.933
145.947
145.970
146.012
146.019
146.003
145.972
145.976
145.990
145.939
145.944
145.920
145.921
145.900
145.909
145.847
145.855
145.889
145.936
145.942
145.926
145.938
145.928
145.940
145.932
145.931
145.926
145.945
145.943
145.940
146.009
145.982
145.988
146.003
145.985
146.003
146.024
146.036
146.009
146.002
145.993
146.033
146.061
146.029
146.009
146.015
146.019
146.023
145.985
146.020
146.020
146.035
146.000
145.996
145.966
145.884
145.911
145.947
145.935
145.963
145.965
145.985
146.025
146.041
145.981
145.972
146.018
146.042
146.156
146.161
146.173
146.245
146.308
146.262
146.208
146.218
146.195
146.152
146.151
146.147
146.181
146.162
146.149
146.177
146.197
146.221
146.170
146.210
146.196
146.190
146.164
146.226
146.211
146.199
146.187
146.180
146.137
146.154
146.167
146.144
146.147
146.160
146.122
146.109
146.102
146.130
146.121
146.127
146.135
146.133
146.136
146.150
146.167
146.139
146.155
146.158
146.118
146.121
146.102
146.105
146.091
146.169
146.167
146.161
146.170
146.226
146.244
146.207
146.187
146.159
146.119
146.122
146.116
146.157
146.111
146.136
146.154
146.168
146.211
146.176
146.203
146.202
146.205
146.182
146.167
146.137
146.175
146.181
146.152
146.151
146.174
146.132
146.140
146.155
146.128
146.156
146.152
146.180
146.131
146.113
146.138
146.129
146.126
146.162
146.185
146.197
146.207
146.226
146.258
146.232
146.226
146.234
146.237
146.246
146.228
146.219
146.221
146.192
146.187
146.181
146.147
146.167
146.139
146.129
146.135
146.139
146.131
146.114
146.118
146.091
146.106
146.099
146.093
146.075
146.084
146.113
146.097
146.092
146.062
146.078
146.084
146.073
146.074
146.072
146.097
146.126
146.122
146.117
146.090
146.088
146.093
146.092
146.092
146.096
146.100
146.117
146.122
146.103
146.104
146.109
146.110
146.100
146.130
146.123
146.097
146.096
146.098
146.095
146.088
146.097
146.105
146.104
146.067
146.055
146.062
146.070
146.068
146.068
146.049
146.071
146.065
146.061
146.062
146.073
146.035
146.047
146.029
146.035
146.031
146.042
146.017
146.026
146.023
146.032
146.037
146.045
146.047
146.059
146.062
146.064
146.071
146.070
146.053
146.062
146.055
146.063
146.068
146.056
146.059
146.071
146.072
146.069
146.075
146.072
146.077
146.089
146.103
146.108
146.094
146.093
146.090
146.107
146.126
146.130
146.136
146.142
146.151
146.145
146.162
146.142
146.151
146.162
146.187
146.197
146.197
146.223
146.225
146.216
146.208
146.199
146.202
146.224
146.251
146.242
146.256
146.262
146.269
146.248
146.238
146.255
146.264
146.268
146.264
146.263
146.249
146.264
146.233
146.224
146.221
146.216
146.200
146.197
146.184
146.186
146.172
146.184
146.195
146.220
146.225
146.229
146.235
146.232
146.230
146.239
146.252
146.253
146.245
146.249
146.246
146.254
146.258
146.260
146.276
146.263
146.261
146.274
146.271
146.275
146.291
146.291
146.314
146.295
146.298
146.273
146.282
146.274
146.269
146.275
146.271
146.275
146.282
146.269
146.286
146.298
146.316
146.326
146.332
146.311
146.311
146.296
146.291
146.290
146.272
146.288
146.304
146.305
146.283
146.269
146.272
146.262
146.260
146.253
146.251
146.239
146.234
146.304
146.299
146.300
146.300
146.287
146.286
146.285
146.265
146.244
146.264
146.249
146.250
146.258
146.254
146.250
146.241
146.250
146.255
146.256
146.255
146.259
146.253
146.240
146.235
146.225
146.221
146.221
146.224
146.229
146.225
146.207
146.210
146.205
146.204
146.195
146.198
146.197
146.202
146.217
146.191
146.187
146.199
146.176
146.175
146.174
146.176
146.167
146.179
146.179
146.184
146.185
146.188
146.184
146.189
146.191
146.184
146.190
146.185
146.195
146.188
146.184
146.183
146.174
146.173
146.175
146.178
146.171
146.164
146.165
146.134
146.132
146.123
146.110
146.117
146.110
146.082
146.080
146.088
146.079
146.093
146.089
146.093
146.069
146.082
146.084
146.086
146.086
146.073
146.072
146.046
146.050
146.050
146.056
146.057
146.075
146.078
145.988
146.002
146.074
146.016
146.032
146.063
146.046
146.047
146.050
145.990
145.979
145.988
145.986
145.996
145.997
146.029
146.027
146.043
146.042
146.041
146.037
146.016
146.027
146.024
146.047
146.046
146.042
146.041
146.009
146.004
146.010
146.012
145.998
145.994
145.987
145.980
145.977
145.953
145.955
145.844
145.795
145.833
145.793
145.792
145.776
145.768
145.573
145.468
145.512
145.610
145.606
145.607
145.610
145.607
145.559
145.551
145.578
145.598
145.617
145.608
145.620
145.584
145.589
145.600
145.570
145.524
145.534
145.521
145.521
145.527
145.535
145.533
145.523
145.513
145.501
145.457
145.423
145.435
145.426
145.395
145.387
145.158
145.226
145.193
145.158
145.155
145.285
145.287
145.293
145.296
145.261
145.266
145.271
145.246
145.227
145.234
145.206
145.274
145.222
145.231
145.217
145.317
145.324
145.394
145.330
145.358
145.393
145.416
145.404
145.376
145.349
145.340
145.400
145.417
145.393
145.415
145.404
145.423
145.430
145.435
145.439
145.414
145.405
145.381
145.402
145.402
145.395
145.403
145.391
145.376
145.369
145.365
145.359
145.338
145.355
145.358
145.379
145.397
145.428
145.417
145.420
145.426
145.399
145.406
145.397
145.396
145.413
145.413
145.429
145.441
145.454
145.450
145.444
145.443
145.438
145.436
145.437
145.435
145.425
145.415
145.376
145.368
145.381
145.426
145.407
145.429
145.414
145.444
145.438
145.448
145.479
145.473
145.508
145.563
145.567
145.551
145.552
145.560
145.552
145.527
145.524
145.528
145.555
145.546
145.557
145.544
145.525
145.520
145.533
145.515
145.496
145.488
145.520
145.502
145.498
145.513
145.501
145.513
145.512
145.509
145.524
145.504
145.507
145.515
145.520
145.532
145.530
145.513
145.494
145.487
145.481
145.478
145.472
145.481
145.475
145.471
145.467
145.448
145.409
145.413
145.422
145.409
145.420
145.430
145.438
145.453
145.455
145.446
145.446
145.470
145.489
145.492
145.478
145.479
145.487
145.492
145.487
145.490
145.479
145.462
145.461
145.432
145.434
145.447
145.425
145.428
145.426
145.402
145.412
145.401
145.385
145.399
145.421
145.413
145.432
145.441
145.451
145.448
145.447
145.453
145.475
145.465
145.456
145.465
145.464
145.454
145.456
145.456
145.481
145.482
145.480
145.476
145.487
145.482
145.477
145.474
145.476
145.488
145.488
145.483
145.486
145.476
145.486
145.484
145.499
145.491
145.492
145.498
145.499
145.510
145.523
145.533
145.534
145.548
145.552
145.560
145.562
145.582
145.585
145.600
145.610
145.608
145.604
145.602
145.583
145.579
145.565
145.544
145.559
145.555
145.556
145.548
145.558
145.559
145.560
145.555
145.539
145.541
145.544
145.558
145.574
145.573
145.580
145.587
145.592
145.578
145.583
145.589
145.594
145.588
145.590
145.594
145.609
145.617
145.624
145.619
145.620
145.618
145.582
145.595
145.587
145.608
145.607
145.630
145.645
145.647
145.640
145.629
145.644
145.623
145.629
145.632
145.635
145.635
145.605
145.604
145.591
145.597
145.595
145.595
145.587
145.586
145.594
145.594
145.593
145.614
145.622
145.622
145.618
145.618
145.612
145.613
145.618
145.613
145.619
145.625
145.624
145.632
145.633
145.630
145.641
145.644
145.640
145.637
145.630
145.634
145.637
145.631
145.627
145.653
145.639
145.644
145.639
145.635
145.644
145.647
145.640
145.641
145.639
145.641
145.642
145.635
145.633
145.635
145.638
145.633
145.635
145.642
145.649
145.657
145.653
145.649
145.645
145.658
145.660
145.665
145.682
145.692
145.709
145.711
145.704
145.698
145.696
145.663
145.666
145.665
145.658
145.652
145.652
145.642
145.679
145.663
145.661
145.654
145.662
145.660
145.669
145.667
145.675
145.678
145.692
145.694
145.681
145.664
145.647
145.645
145.644
145.650
145.632
145.636
145.593
145.581
145.584
145.557
145.545
145.531
145.543
145.557
145.555
145.556
145.579
145.567
145.572
145.575
145.577
145.573
145.573
145.585
145.593
145.588
145.616
145.615
145.612
145.611
145.612
145.595
145.581
145.585
145.563
145.555
145.525
145.567
145.511
145.522
145.527
145.494
145.492
145.512
145.504
145.503
145.501
145.464
145.457
145.443
145.442
145.420
145.385
145.426
145.416
145.411
145.425
145.454
145.453
145.430
145.440
145.438
145.435
145.423
145.415
145.393
145.379
145.376
145.328
145.315
145.326
145.307
145.290
145.290
145.300
145.309
145.305
145.315
145.274
145.273
145.310
145.347
145.308
145.303
145.281
145.257
145.214
145.170
145.183
145.208
145.223
145.212
145.185
145.219
145.224
145.192
145.204
145.245
145.223
145.241
145.230
145.231
145.225
145.252
145.244
145.314
145.353
145.355
145.314
145.319
145.295
145.303
145.312
145.335
145.331
145.378
145.362
145.357
145.364
145.393
145.399
145.395
145.416
145.455
145.470
145.413
145.442
145.441
145.427
145.410
145.413
145.392
145.344
145.346
145.340
145.346
145.340
145.335
145.280
145.282
145.228
145.239
145.263
145.269
145.320
145.223
145.238
145.232
145.220
145.235
145.258
145.265
145.262
145.278
145.282
145.256
145.249
145.251
145.238
145.069
144.992
144.880
144.800
144.851
144.858
144.884
144.788
144.676
144.492
144.360
144.464
144.525
144.545
144.354
144.219
144.330
144.325
144.388
144.373
144.384
144.342
144.364
144.355
144.403
144.428
144.478
144.473
144.479
144.509
144.505
144.530
144.541
144.542
144.523
144.549
144.650
144.710
144.751
144.714
144.745
144.718
144.677
144.777
144.772
144.820
144.860
144.818
144.788
144.852
144.868
144.897
144.834
144.813
144.724
144.645
144.627
144.622
144.638
144.606
144.595
144.541
144.537
144.563
144.499
144.465
144.472
144.427
144.426
144.370
144.335
144.332
144.367
144.454
144.540
144.523
144.563
144.562
144.586
144.590
144.577
144.583
144.645
144.636
144.672
144.572
144.498
144.228
144.297
144.358
144.421
144.429
144.463
144.482
144.470
144.492
144.395
144.402
144.440
144.498
144.568
144.576
144.614
144.572
144.600
144.565
144.601
144.637
144.644
144.626
144.706
144.701
144.673
144.652
144.692
144.673
144.734
144.816
144.732
144.793
144.748
144.697
144.714
144.721
144.706
144.722
144.621
144.588
144.612
144.692
144.676
144.667
144.646
144.572
144.557
144.555
144.584
144.584
144.578
144.476
144.521
144.510
144.500
144.513
144.534
144.535
144.564
144.620
144.600
144.628
144.617
144.611
144.611
144.641
144.605
144.615
144.630
144.597
144.586
144.558
144.595
144.632
144.653
144.582
144.577
144.605
144.590
144.537
144.525
144.531
144.570
144.622
144.597
144.583
144.608
144.606
144.608
144.575
144.601
144.578
144.569
144.575
144.577
144.587
144.591
144.633
144.655
144.637
144.645
144.647
144.693
144.690
144.747
144.751
144.768
144.753
144.761
144.732
144.769
144.737
144.694
144.741
144.729
144.733
144.739
144.747
144.741
144.728
144.724
144.667
144.646
144.687
144.705
144.686
144.713
144.677
144.699
144.673
144.683
144.690
144.707
144.704
144.725
144.742
144.736
144.712
144.721
144.713
144.633
144.681
144.672
144.689
144.694
144.689
144.639
144.642
144.621
144.616
144.597
144.529
144.522
144.544
144.562
144.558
144.532
144.541
144.507
144.469
144.477
144.509
144.492
144.558
144.526
144.495
144.489
144.535
144.541
144.571
144.587
144.542
144.562
144.554
144.561
144.544
144.576
144.567
144.569
144.538
144.544
144.542
144.597
144.602
144.593
144.569
144.587
144.597
144.570
144.476
144.514
144.476
144.477
144.459
144.426
144.273
144.217
144.030
144.192
144.269
144.282
144.316
144.326
144.295
144.275
144.295
144.312
144.314
144.301
144.307
144.281
144.300
144.297
144.292
144.297
144.258
144.250
144.253
144.220
144.136
144.164
144.232
144.251
144.241
144.227
144.256
144.184
144.179
144.173
144.111
144.131
144.120
144.118
144.110
144.074
144.114
144.094
144.127
144.150
144.175
144.119
144.147
144.155
144.106
144.031
143.993
144.063
144.061
144.073
144.066
144.016
144.014
144.057
144.018
144.028
144.024
144.044
144.035
144.077
144.127
144.108
144.171
144.147
144.166
144.163
144.174
144.179
144.137
144.151
144.135
144.054
144.069
144.041
144.104
144.095
144.069
144.072
144.067
144.067
144.071
144.033
144.013
144.015
144.048
144.011
144.065
144.060
144.058
144.081
144.077
144.112
144.121
144.116
144.110
144.119
144.112
144.137
144.125
144.124
144.133
144.140
144.163
144.150
144.120
144.086
144.038
144.042
144.081
144.115
144.123
144.131
144.149
144.160
144.171
144.184
144.180
144.129
144.211
144.217
144.265
144.292
144.298
144.330
144.314
144.323
144.333
144.335
144.333
144.361
144.336
144.192
144.269
144.324
144.278
144.302
144.284
144.266
144.287
144.297
144.297
144.299
144.292
144.279
144.267
144.256
144.266
144.298
144.249
144.255
144.234
144.273
144.233
144.240
144.227
144.214
144.235
144.213
144.200
144.211
144.187
144.173
144.140
144.122
144.158
144.163
144.136
144.133
144.095
144.046
144.020
143.956
143.957
143.840
143.943
143.886
143.768
143.766
143.833
143.879
143.853
143.856
143.844
143.824
143.828
143.826
143.829
143.824
143.834
143.844
143.858
143.887
143.884
143.913
143.911
143.935
143.917
143.885
143.911
143.917
143.901
143.876
143.854
143.851
143.837
143.852
143.899
143.895
143.868
143.868
143.866
143.857
143.872
143.851
143.826
143.789
143.627
143.659
143.552
143.612
143.548
143.524
143.493
143.553
143.490
143.540
143.628
143.628
143.617
143.619
143.603
143.573
143.599
143.612
143.619
143.630
143.621
143.634
143.647
143.659
143.682
143.708
143.691
143.663
143.663
143.686
143.713
143.712
143.741
143.747
143.727
143.702
143.693
143.691
143.690
143.651
143.637
143.619
143.621
143.621
143.604
143.578
143.620
143.600
143.567
143.560
143.562
143.571
143.583
143.611
143.584
143.590
143.570
143.556
143.550
143.540
143.540
143.494
143.484
143.527
143.525
143.528
143.535
143.549
143.562
143.555
143.566
143.569
143.584
143.586
143.606
143.671
143.701
143.738
143.738
143.715
143.685
143.697
143.675
143.689
143.689
143.671
143.686
143.707
143.682
143.684
143.665
143.671
143.671
143.660
143.652
143.630
143.617
143.611
143.590
143.611
143.600
143.593
143.610
143.618
143.616
143.619
143.595
143.581
143.582
143.564
143.556
143.601
143.608
143.590
143.613
143.606
143.621
143.608
143.608
143.599
143.606
143.590
143.600
143.603
143.608
143.588
143.613
143.605
143.588
143.597
143.611
143.618
143.614
143.618
143.628
143.614
143.577
143.583
143.585
143.587
143.581
143.588
143.579
143.594
143.596
143.598
143.602
143.613
143.625
143.611
143.597
143.602
143.610
143.599
143.591
143.590
143.584
143.600
143.600
143.613
143.620
143.623
143.647
143.649
143.647
143.680
143.678
143.679
143.680
143.674
143.666
143.670
143.654
143.641
143.643
143.639
143.643
143.621
143.614
143.597
143.578
143.561
143.560
143.566
143.587
143.604
143.608
143.645
143.642
143.640
143.659
143.657
143.675
143.689
143.678
143.682
143.675
143.665
143.664
143.639
143.664
143.688
143.696
143.695
143.686
143.678
143.680
143.680
143.674
143.677
143.710
143.697
143.705
143.708
143.725
143.721
143.735
143.749
143.744
143.739
143.736
143.739
143.740
143.741
143.742
143.745
143.721
143.718
143.736
143.750
143.746
143.730
143.730
143.719
143.722
143.700
143.687
143.698
143.716
143.717
143.710
143.702
143.680
143.660
143.656
143.639
143.638
143.648
143.649
143.651
143.661
143.671
143.670
143.659
143.681
143.733
143.733
143.728
143.713
143.720
143.747
143.768
143.763
143.774
143.754
143.753
143.762
143.805
143.783
143.775
143.779
143.800
143.811
143.835
143.826
143.823
143.835
143.823
143.804
143.825
143.851
143.857
143.863
143.851
143.841
143.824
143.822
143.817
143.795
143.766
143.762
143.755
143.766
143.785
143.773
143.757
143.735
143.738
143.703
143.688
143.686
143.704
143.676
143.657
143.640
143.657
143.661
143.665
143.661
143.679
143.695
143.731
143.711
143.727
143.677
143.711
143.740
143.743
143.672
143.681
143.647
143.663
143.661
143.656
143.656
143.656
143.650
143.639
143.634
143.632
143.638
143.654
143.659
143.702
143.673
143.673
143.677
143.673
143.673
143.663
143.663
143.670
143.702
143.666
143.646
143.675
143.674
143.671
143.656
143.697
143.694
143.678
143.684
143.687
143.693
143.706
143.704
143.711
143.704
143.725
143.728
143.719
143.731
143.734
143.707
143.709
143.781
143.781
143.770
143.760
143.774
143.785
143.786
143.781
143.773
143.771
143.778
143.779
143.782
143.782
143.786
143.790
143.795
143.796
143.792
143.789
143.794
143.794
143.794
143.809
143.817
143.822
143.821
143.820
143.825
143.826
143.830
143.839
143.847
143.844
143.847
143.847
143.838
143.831
143.825
143.809
143.801
143.799
143.806
143.799
143.783
143.783
143.710
143.710
143.716
143.702
143.715
143.695
143.694
143.684
143.670
143.666
143.657
143.655
143.660
143.699
143.710
143.692
143.710
143.702
143.648
143.589
143.595
143.573
143.565
143.540
143.561
143.575
143.576
143.578
143.576
143.588
143.596
143.596
143.595
143.594
143.590
143.577
143.577
143.559
143.554
143.561
143.556
143.564
143.557
143.566
143.537
143.550
143.627
143.609
143.605
143.596
143.589
143.594
143.593
143.610
143.638
143.649
143.631
143.626
143.627
143.600
143.607
143.592
143.579
143.612
143.609
143.591
143.598
143.622
143.624
143.633
143.628
143.645
143.596
143.620
143.605
143.592
143.597
143.580
143.565
143.564
143.547
143.540
143.541
143.539
143.557
143.550
143.556
143.550
143.520
143.530
143.535
143.541
143.541
143.550
143.563
143.570
143.579
143.564
143.570
143.541
143.549
143.525
143.525
143.539
143.540
143.527
143.520
143.523
143.535
143.540
143.545
143.544
143.525
143.519
143.522
143.512
143.504
143.511
143.498
143.472
143.327
143.378
143.394
143.363
143.322
143.348
143.335
143.342
143.356
143.348
143.361
143.358
143.351
143.336
143.313
143.300
143.344
143.347
143.341
143.362
143.354
143.347
143.334
143.352
143.332
143.331
143.323
143.299
143.256
143.260
143.276
143.278
143.282
143.260
143.249
143.195
143.182
143.177
143.110
143.089
143.080
143.088
143.075
143.110
143.109
143.159
143.142
143.176
143.164
143.154
143.197
143.225
143.241
143.249
143.266
143.257
143.256
143.217
143.187
143.185
143.195
143.216
143.241
143.237
143.260
143.272
143.280
143.249
143.266
143.231
143.232
143.215
143.237
143.245
143.247
143.244
143.248
143.253
143.258
143.263
143.252
143.254
143.261
143.261
143.263
143.287
143.283
143.299
143.299
143.309
143.317
143.316
143.314
143.311
143.307
143.308
143.291
143.285
143.278
143.249
143.249
143.259
143.265
143.281
143.297
143.278
143.265
143.296
143.291
143.285
143.292
143.292
143.298
143.286
143.278
143.299
143.330
143.330
143.331
143.332
143.328
143.342
143.343
143.351
143.398
143.400
143.400
143.396
143.386
143.398
143.399
143.412
143.413
143.411
143.416
143.406
143.400
143.391
143.402
143.402
143.410
143.404
143.411
143.409
143.407
143.398
143.395
143.364
143.365
143.363
143.374
143.369
143.381
143.378
143.388
143.383
143.376
143.364
143.354
143.323
143.330
143.316
143.312
143.297
143.292
143.278
143.273
143.250
143.255
143.268
143.267
143.329
143.327
143.325
143.361
143.364
143.368
143.367
143.353
143.361
143.369
143.352
143.360
143.393
143.410
143.403
143.375
143.404
143.384
143.386
143.357
143.358
143.381
143.363
143.333
143.323
143.351
143.387
143.383
143.397
143.401
143.409
143.381
143.355
143.360
143.376
143.378
143.377
143.360
143.359
143.383
143.369
143.322
143.360
143.356
143.364
143.362
143.364
143.369
143.367
143.367
143.323
143.328
143.350
143.352
143.353
143.366
143.377
143.379
143.394
143.415
143.399
143.396
143.413
143.413
143.412
143.416
143.430
143.487
143.503
143.494
143.513
143.503
143.500
143.489
143.474
143.478
143.491
143.508
143.503
143.509
143.496
143.501
143.501
143.510
143.507
143.488
143.491
143.470
143.469
143.479
143.478
143.469
143.466
143.447
143.439
143.420
143.437
143.428
143.441
143.444
143.447
143.448
143.442
143.433
143.451
143.413
143.324
143.364
143.367
143.378
143.347
143.352
143.332
143.286
143.307
143.314
143.300
143.309
143.308
143.362
143.391
143.383
143.382
143.405
143.394
143.385
143.372
143.382
143.379
143.370
143.370
143.419
143.419
143.427
143.438
143.397
143.402
143.402
143.380
143.378
143.377
143.423
143.443
143.462
143.660
143.574
143.555
143.562
143.548
143.542
143.527
143.497
143.571
143.564
143.557
143.561
143.548
143.533
143.525
143.518
143.464
143.454
143.406
143.437
143.442
143.410
143.412
143.475
143.462
143.448
143.490
143.481
143.502
143.526
143.522
143.572
143.597
143.589
143.619
143.635
143.598
143.595
143.590
143.611
143.603
143.617
143.543
143.565
143.539
143.517
143.541
143.520
143.532
143.528
143.472
143.476
143.485
143.453
143.463
143.515
143.471
143.483
143.318
143.222
143.251
143.280
143.211
143.216
143.288
143.222
143.259
143.268
143.358
