143.696
143.673
143.710
143.786
143.951
143.967
143.994
144.084
144.087
144.042
144.033
144.097
144.098
144.095
144.076
144.076
144.022
144.026
144.021
143.987
143.969
143.923
143.877
143.857
143.835
143.883
143.982
143.982
144.016
143.976
143.964
143.965
143.987
143.923
144.026
144.036
144.032
144.018
144.060
144.080
144.085
144.078
144.054
144.097
144.093
144.165
144.175
144.118
144.134
144.145
144.126
144.132
144.127
144.069
144.116
144.097
144.138
144.150
144.144
144.131
144.032
144.029
143.958
143.945
143.990
143.983
143.901
143.889
143.877
143.872
143.955
144.003
143.991
143.997
143.994
143.961
143.960
143.957
143.954
143.958
143.957
143.942
143.931
143.927
143.929
143.929
143.955
143.961
143.950
143.945
143.946
143.943
143.878
143.839
143.881
143.910
143.889
143.893
143.856
143.839
143.801
143.777
143.811
143.800
143.797
143.787
144.108
144.106
144.057
143.975
144.025
144.002
144.057
144.055
144.048
144.070
144.010
144.051
144.090
144.102
146.075
146.595
146.820
146.896
147.140
147.365
147.488
147.479
147.272
147.083
147.207
147.517
147.438
147.525
147.592
147.633
147.680
147.692
147.622
147.650
147.676
147.617
147.495
147.518
147.507
147.482
147.637
147.693
147.786
147.797
147.800
147.801
147.791
147.782
147.816
147.816
147.862
147.919
147.891
147.882
147.886
147.889
147.887
147.884
147.915
147.936
147.963
147.931
147.927
147.907
147.935
147.850
147.396
147.455
147.455
147.456
147.422
147.609
147.611
147.613
147.532
147.476
147.445
147.420
147.462
147.491
147.539
147.560
147.566
147.561
147.480
147.489
147.491
147.498
147.526
147.503
147.516
147.491
147.701
147.710
147.648
147.682
147.644
147.571
147.564
147.555
147.525
147.496
147.462
147.449
147.448
147.640
147.553
147.562
147.486
147.485
147.476
147.515
147.500
147.537
147.505
147.460
147.455
147.460
147.440
147.425
147.341
147.304
147.300
147.338
147.366
147.406
147.501
147.458
147.478
147.452
147.462
147.447
147.455
147.441
147.517
147.531
147.553
147.475
147.382
147.331
147.298
147.260
147.265
147.263
147.246
147.342
147.392
147.357
147.316
147.301
147.284
147.283
147.285
147.297
147.330
147.304
147.315
147.303
147.374
147.462
147.484
147.485
147.414
147.363
147.362
147.368
147.354
147.359
147.341
147.336
147.351
147.344
147.326
147.317
147.282
147.304
147.298
147.296
147.271
147.270
147.277
147.307
147.322
147.320
147.351
147.350
147.376
147.373
147.329
147.340
147.350
147.360
147.407
147.437
147.456
147.469
147.484
147.469
147.413
147.435
147.475
147.444
147.413
147.454
147.454
147.444
147.446
147.461
147.476
147.478
147.451
147.437
147.413
147.435
147.392
147.397
147.405
147.492
147.571
147.572
147.579
147.632
147.621
147.599
147.599
147.592
147.596
147.622
147.612
147.630
147.635
147.665
147.655
147.647
147.649
147.626
147.615
147.618
147.637
147.655
147.672
147.694
147.764
147.782
147.815
147.827
147.859
147.877
147.849
147.820
147.812
147.809
147.800
147.822
147.844
147.834
147.869
147.832
147.834
147.828
147.827
147.825
147.829
147.841
147.834
147.883
147.893
147.897
147.973
147.974
147.942
147.885
147.898
147.885
147.865
147.820
147.800
147.787
147.806
147.775
147.769
147.768
147.771
147.751
147.735
147.715
147.667
147.634
147.657
147.659
147.641
147.632
147.642
147.727
147.735
147.746
147.746
147.704
147.719
147.703
147.698
147.670
147.683
147.686
147.699
147.691
147.647
147.655
147.668
147.674
147.661
147.673
147.673
147.683
147.675
147.682
147.682
147.684
147.680
147.723
147.706
147.696
147.689
147.695
147.681
147.626
147.607
147.602
147.588
147.544
147.498
147.499
147.523
147.525
147.502
147.441
147.402
147.413
147.550
147.518
147.474
147.470
147.602
147.611
147.578
147.590
147.585
147.585
147.572
147.594
147.582
147.581
147.558
147.556
147.604
147.598
147.609
147.656
147.655
147.673
147.703
147.698
147.749
147.705
147.720
147.705
147.666
147.663
147.663
147.672
147.659
147.680
147.696
147.728
147.729
147.728
147.732
147.755
147.716
147.715
147.717
147.695
147.681
147.684
147.693
147.679
147.676
147.625
147.610
147.581
147.658
147.628
147.592
147.615
147.623
147.635
147.591
147.586
147.553
147.553
147.577
147.577
147.556
147.575
147.577
147.570
147.542
147.520
147.526
147.553
147.562
147.566
147.579
147.573
147.575
147.573
147.530
147.549
147.544
147.547
147.546
147.569
147.550
147.558
147.573
147.575
147.580
147.583
147.574
147.558
147.564
147.567
147.561
147.542
147.584
147.582
147.558
147.567
147.583
147.581
147.619
147.621
147.611
147.610
147.605
147.613
147.600
147.586
147.585
147.588
147.606
147.592
147.597
147.598
147.596
147.572
147.563
147.547
147.594
147.610
147.614
147.598
147.619
147.630
147.628
147.661
147.673
147.689
147.679
147.655
147.667
147.669
147.671
147.631
147.685
147.693
147.683
147.665
147.693
147.685
147.688
147.669
147.659
147.653
147.644
147.638
147.635
147.662
147.662
147.652
147.647
147.661
147.683
147.670
147.658
147.651
147.650
147.636
147.622
147.657
147.688
147.686
147.700
147.709
147.683
147.657
147.652
147.648
147.655
147.670
147.625
147.646
147.634
147.638
147.619
147.643
147.655
147.673
147.670
147.674
147.675
147.657
147.641
147.656
147.650
147.669
147.677
147.702
147.693
147.693
147.682
147.712
147.691
147.697
147.642
147.663
147.658
147.675
147.649
147.655
147.655
147.641
147.631
147.619
147.618
147.635
147.606
147.540
147.467
147.438
147.355
147.430
147.433
147.470
147.491
147.565
147.554
147.526
147.548
147.566
147.574
147.539
147.547
147.491
147.493
147.476
147.456
147.432
147.401
147.394
147.396
147.335
147.304
147.309
147.293
147.294
147.282
147.274
147.271
147.265
147.250
147.199
147.189
147.204
147.339
147.337
147.273
147.226
147.221
147.194
147.173
147.145
147.153
147.127
147.111
147.138
147.179
147.182
147.139
147.132
147.121
147.111
147.117
147.100
147.105
147.100
147.099
147.127
147.224
147.210
147.176
147.143
147.147
147.131
147.216
147.234
147.177
147.182
147.184
147.183
147.216
147.182
147.215
147.215
147.202
147.200
147.197
147.170
147.142
147.137
147.136
147.102
147.098
147.065
147.097
147.036
146.988
146.985
146.986
146.984
147.012
147.014
147.001
146.981
146.988
146.989
147.006
147.037
147.093
147.094
147.079
147.077
147.061
147.039
147.107
147.158
147.157
147.115
147.091
147.050
147.048
147.046
147.013
147.038
147.039
147.030
147.024
147.001
146.956
146.951
146.891
146.910
146.888
146.927
146.930
146.901
146.921
146.933
146.913
146.910
146.918
146.916
146.808
146.804
146.799
146.795
146.790
146.757
146.753
146.724
146.671
146.610
146.575
146.538
146.570
146.588
146.659
146.665
146.699
146.714
146.702
146.755
146.761
146.767
146.806
146.810
146.800
146.763
146.785
146.784
146.823
146.831
146.866
146.897
146.990
146.982
146.987
146.980
147.108
147.113
147.146
147.096
147.090
147.031
147.046
147.081
147.101
147.101
147.150
147.157
147.095
147.056
147.105
147.126
147.142
147.102
147.091
147.087
147.118
147.115
147.124
147.118
147.125
147.155
147.147
147.142
147.157
147.150
147.090
147.095
147.082
147.073
147.068
147.062
147.073
147.127
147.149
147.125
147.090
147.068
147.056
147.080
147.039
147.031
146.989
147.002
147.007
147.024
147.022
147.006
146.996
146.960
146.968
146.942
146.929
146.927
146.928
146.918
146.907
146.897
146.903
146.850
146.840
146.830
146.814
146.872
146.884
146.856
146.836
146.799
146.864
146.876
146.904
146.900
146.909
146.870
146.810
146.813
146.794
146.803
146.796
146.833
146.815
146.794
146.784
146.807
146.786
146.808
146.806
146.798
146.789
146.756
146.778
146.858
146.859
146.814
146.814
146.811
146.807
146.810
146.842
146.853
146.858
146.886
146.894
146.924
146.927
146.930
147.003
146.998
147.014
146.974
146.946
146.947
146.937
146.960
146.943
146.935
146.926
146.919
146.917
146.959
146.936
146.933
146.949
146.942
146.945
146.927
146.961
146.960
146.956
146.938
146.864
146.852
146.826
146.819
146.801
146.786
146.808
146.853
146.828
146.835
146.827
146.829
146.862
146.862
146.850
146.858
146.892
146.895
146.882
146.860
146.839
146.850
146.843
146.829
146.812
146.801
146.799
146.800
146.828
146.830
146.828
146.828
146.824
146.819
146.816
146.802
146.807
146.791
146.785
146.773
146.765
146.797
146.803
146.775
146.789
146.780
146.793
146.825
146.832
146.832
146.812
146.784
146.792
146.801
146.796
146.773
146.779
146.741
146.726
146.746
146.776
146.650
146.666
146.630
146.626
146.652
146.651
146.690
146.714
146.680
146.679
146.672
146.680
146.683
146.665
146.647
146.638
146.640
146.632
146.621
146.617
146.600
146.550
146.571
146.576
146.520
146.527
146.510
146.508
146.562
146.552
146.543
146.546
146.550
146.642
146.613
146.610
146.619
146.616
146.626
146.595
146.535
146.514
146.405
146.395
146.351
146.328
146.392
146.409
146.425
146.417
146.360
146.348
146.341
146.327
146.322
146.206
146.241
146.225
146.181
146.112
146.119
146.130
146.117
146.115
146.166
146.169
146.166
146.180
146.152
145.973
146.024
145.978
145.900
145.894
145.892
145.848
145.749
145.732
145.814
145.839
145.890
145.942
145.958
145.936
145.852
145.826
145.874
145.830
145.806
145.774
145.776
145.739
145.742
145.723
145.686
145.600
145.609
145.635
145.606
145.563
145.648
145.700
145.727
145.721
145.737
145.751
145.812
145.839
145.827
145.815
145.779
145.741
145.695
145.755
145.780
145.751
145.735
145.768
145.773
145.768
145.769
145.816
146.139
146.313
146.381
146.545
146.453
146.354
146.302
146.200
146.108
146.008
145.999
145.987
145.961
145.871
145.808
145.883
145.927
145.957
146.012
146.040
146.002
146.033
146.098
146.093
146.058
146.123
146.193
146.111
145.954
145.958
145.907
145.871
145.856
145.819
145.786
145.722
145.708
145.606
145.642
145.663
145.775
145.759
145.785
145.767
145.788
145.824
145.792
145.790
145.747
145.719
145.733
145.797
145.852
145.838
145.797
145.798
145.869
145.856
145.857
145.848
145.883
145.878
145.865
145.871
145.874
145.863
145.846
145.917
146.005
146.011
145.931
145.835
145.803
145.821
145.790
145.747
145.742
145.664
145.637
145.658
145.598
145.665
145.695
145.677
145.687
145.681
145.636
145.651
145.690
145.701
145.689
145.677
145.679
145.679
145.688
145.674
145.658
145.676
145.671
145.735
145.713
145.710
145.716
145.719
145.738
145.759
145.761
145.757
145.739
145.794
145.802
145.844
145.862
145.875
145.911
145.928
145.926
145.921
145.910
145.895
145.854
145.845
145.831
145.846
145.849
145.834
145.820
145.826
145.828
145.829
145.825
145.844
145.866
145.868
145.853
145.847
145.811
145.820
145.817
145.828
145.814
145.812
145.820
145.823
145.857
145.834
145.832
145.829
145.821
145.799
145.793
145.783
145.782
145.816
145.822
145.828
145.839
145.854
145.835
145.844
145.829
145.818
145.825
145.820
145.796
145.792
145.787
145.794
145.778
145.784
145.781
145.778
145.794
145.799
145.747
145.727
145.699
145.695
145.688
145.692
145.704
145.715
145.704
145.713
145.753
145.760
145.764
145.767
145.771
145.757
145.744
145.738
145.717
145.716
145.689
145.670
145.655
145.653
145.630
145.634
145.629
145.618
145.645
145.656
145.673
145.661
145.671
145.675
145.647
145.658
145.669
145.678
145.677
145.675
145.666
145.690
145.707
145.764
145.772
145.746
145.745
145.743
145.733
145.724
145.711
145.709
145.697
145.699
145.708
145.699
145.735
145.750
145.746
145.741
145.707
145.726
145.764
145.769
145.763
145.774
145.779
145.768
145.736
145.755
145.753
145.794
145.794
145.782
145.782
145.755
145.765
145.772
145.769
145.756
145.755
145.745
145.763
145.759
145.778
145.783
145.778
145.779
145.785
145.769
145.770
145.779
145.777
145.779
145.783
145.788
145.788
145.781
145.779
145.774
145.769
145.776
145.768
145.768
145.777
145.781
145.763
145.764
145.756
145.786
145.785
145.787
145.776
145.790
145.787
145.788
145.777
145.785
145.797
145.799
145.799
145.813
145.825
145.834
145.850
145.848
145.854
145.843
145.830
145.849
145.852
145.826
145.822
145.820
145.826
145.828
145.826
145.840
145.839
145.832
145.834
145.816
145.808
145.800
145.801
145.809
145.848
145.845
145.825
145.828
145.840
145.828
145.841
145.852
145.844
145.843
145.838
145.835
145.836
145.834
145.843
145.848
145.848
145.858
145.861
145.871
145.873
145.874
145.886
145.890
145.889
145.895
145.895
145.901
145.896
145.903
145.914
145.916
145.910
145.904
145.910
145.922
145.931
145.932
145.923
145.921
145.922
145.919
145.892
145.882
145.884
145.880
145.883
145.874
145.872
145.870
145.870
145.868
145.876
145.883
145.886
145.878
145.856
145.872
145.884
145.878
145.864
145.861
145.847
145.864
145.861
145.864
145.866
145.834
145.854
145.864
145.870
145.878
145.877
145.877
145.874
145.866
145.852
145.847
145.859
145.856
145.836
145.841
145.833
145.838
145.836
145.830
145.826
145.825
145.825
145.835
145.852
145.870
145.869
145.865
145.876
145.863
145.871
145.887
145.891
145.938
145.976
145.921
145.923
145.914
145.893
145.900
145.893
145.949
145.911
145.914
145.952
145.950
145.933
145.934
145.927
145.915
145.913
145.962
145.952
145.953
145.955
145.959
145.959
146.001
145.966
145.999
146.006
145.969
145.967
145.950
145.946
145.955
145.950
145.970
145.959
145.980
145.971
145.969
145.960
145.952
145.955
145.956
145.970
146.014
145.976
145.977
145.969
145.966
145.964
145.977
145.971
145.989
145.989
145.996
146.000
146.005
146.007
146.012
146.019
146.008
146.010
146.017
146.029
146.028
146.024
146.028
146.046
146.052
146.063
146.061
146.058
146.062
146.061
146.069
146.083
146.120
146.127
146.143
146.149
146.151
146.158
146.164
146.171
146.165
146.168
146.155
146.153
146.154
146.120
146.120
146.121
146.119
146.127
146.123
146.124
146.125
146.120
146.105
146.096
146.094
146.106
146.102
146.090
146.133
146.143
146.132
146.141
146.129
146.120
146.105
146.098
146.082
146.090
146.095
146.088
146.101
146.098
146.094
146.098
146.119
146.149
146.148
146.143
146.155
146.165
146.160
146.154
146.156
146.157
146.147
146.139
146.121
146.115
146.104
146.113
146.133
146.133
146.126
146.118
146.103
146.095
146.074
146.092
146.088
146.082
146.083
146.082
146.102
146.113
146.107
146.116
146.117
146.139
146.154
146.151
146.167
146.133
146.135
146.126
146.102
146.132
146.131
146.122
146.161
146.155
146.148
146.114
146.106
146.111
146.112
146.111
146.108
146.114
146.120
146.114
146.117
146.160
146.160
146.155
146.147
146.156
146.158
146.149
146.154
146.151
146.152
146.148
146.135
146.130
146.131
146.128
146.123
146.134
146.148
146.133
146.130
146.124
146.111
146.106
146.116
146.120
146.122
146.119
146.117
146.104
146.109
146.118
146.115
146.114
146.118
146.125
146.127
146.128
146.135
146.143
146.139
146.136
146.134
146.137
146.130
146.138
146.143
146.171
146.191
146.222
146.249
146.244
146.230
146.217
146.250
146.248
146.261
146.276
146.312
146.324
146.317
146.330
146.347
146.350
146.410
146.392
146.376
146.405
146.405
146.403
146.388
146.391
146.405
146.405
146.388
146.389
146.394
146.392
146.401
146.407
146.407
146.389
146.387
146.386
146.396
146.387
146.378
146.397
146.399
146.400
146.394
146.405
146.413
146.422
146.489
146.495
146.481
146.479
146.486
146.481
146.479
146.485
146.484
146.469
146.468
146.489
146.482
146.475
146.464
146.465
146.472
146.473
146.474
146.483
146.494
146.520
146.508
146.490
146.492
146.491
146.491
146.487
146.484
146.494
146.504
146.518
146.528
146.520
146.541
146.541
146.554
146.578
146.574
146.579
146.573
146.579
146.576
146.574
146.570
146.569
146.560
146.563
146.557
146.554
146.528
146.502
146.529
146.544
146.537
146.534
146.515
146.505
146.541
146.537
146.510
146.508
146.495
146.486
146.505
146.520
146.517
146.484
146.480
146.472
146.465
146.475
146.483
146.498
146.496
146.484
146.481
146.480
146.480
146.511
146.508
146.489
146.486
146.479
146.476
146.473
146.463
146.461
146.451
146.455
146.452
146.457
146.445
146.445
146.458
146.455
146.455
146.457
146.450
146.464
146.467
146.462
146.459
146.462
146.457
146.454
146.455
146.459
146.463
146.479
146.480
146.469
146.473
146.475
146.477
146.468
146.468
146.470
146.468
146.461
146.453
146.445
146.445
146.445
146.443
146.452
146.452
146.453
146.454
146.475
146.475
146.451
146.450
146.453
146.447
146.437
146.437
146.438
146.434
146.437
146.434
146.447
146.452
146.452
146.450
146.447
146.451
146.451
146.458
146.487
146.513
146.506
146.503
146.511
146.510
146.504
146.491
146.496
146.468
146.486
146.483
146.504
146.482
146.473
146.470
146.471
146.470
146.482
146.490
146.498
146.493
146.489
146.489
146.490
146.489
146.486
146.483
146.479
146.467
146.449
146.443
146.457
146.458
146.454
146.442
146.449
146.454
146.453
146.472
146.464
146.477
146.475
146.467
146.450
146.436
146.442
146.473
146.443
146.456
146.454
146.464
146.442
146.442
146.460
146.464
146.455
146.439
146.453
146.462
146.455
146.465
146.453
146.456
146.457
146.456
146.443
146.449
146.455
146.454
146.448
146.449
146.446
146.444
146.442
146.442
146.442
146.474
146.478
146.483
146.496
146.529
146.533
146.534
146.529
146.530
146.536
146.560
146.597
146.675
146.687
146.683
146.769
146.765
146.776
146.751
146.778
146.775
146.764
146.752
146.827
146.787
146.750
146.742
146.739
146.735
146.715
146.704
146.707
146.732
146.767
146.770
146.743
146.752
146.740
146.733
146.731
146.729
146.736
146.751
146.762
146.710
146.695
146.697
146.672
146.686
146.745
146.735
146.751
146.710
146.705
146.710
146.678
146.698
146.707
146.723
146.711
146.697
146.662
146.612
146.606
146.610
146.593
146.556
146.554
146.547
146.505
146.483
146.470
146.494
146.509
146.538
146.517
146.552
146.555
146.548
146.575
146.594
146.571
146.553
146.534
146.500
146.512
146.483
146.458
146.457
146.477
146.472
146.451
146.424
146.398
146.396
146.424
146.424
146.419
146.432
146.390
146.403
146.448
146.461
146.447
146.459
146.481
146.481
146.429
146.469
146.478
146.471
146.473
146.484
146.539
146.467
146.451
146.449
146.460
146.478
146.531
146.551
146.552
146.550
146.555
146.500
146.513
146.507
146.470
146.485
146.479
146.448
146.452
146.387
146.392
146.370
146.349
146.339
146.342
146.361
146.352
146.349
146.344
146.347
146.349
146.335
146.299
146.290
146.275
146.250
146.239
146.233
146.252
146.249
146.241
146.235
146.207
146.194
146.182
146.185
146.148
146.143
146.145
146.163
146.174
146.207
146.215
146.214
146.194
146.158
146.120
146.141
146.139
146.131
146.137
146.080
146.007
146.081
146.084
146.121
146.114
146.118
146.087
146.072
146.069
146.056
146.055
146.057
146.052
146.067
146.070
146.055
146.048
146.020
146.011
146.001
145.955
145.897
145.876
145.893
145.889
145.906
145.937
145.925
145.925
145.910
145.912
145.955
145.985
146.027
146.063
146.093
146.057
146.020
146.044
146.036
146.044
146.049
146.053
146.017
146.025
146.019
146.022
146.009
146.028
146.022
146.061
146.066
146.053
146.026
146.008
145.991
145.990
146.022
146.034
146.034
146.063
146.075
146.100
146.177
146.137
146.142
146.150
146.207
146.196
146.217
146.205
146.219
146.242
146.240
146.240
146.232
146.257
146.238
146.246
146.265
146.263
146.262
146.245
146.245
146.243
146.233
146.238
146.238
146.290
146.292
146.284
146.313
146.330
146.318
146.326
146.326
146.312
146.309
146.289
146.277
146.288
146.297
146.290
146.281
146.269
146.265
146.258
146.242
146.199
146.213
146.232
146.241
146.278
146.345
146.306
146.295
146.271
146.281
146.280
146.277
146.274
146.268
146.274
146.258
146.247
146.272
146.293
146.272
146.277
146.258
146.259
146.263
146.282
146.318
146.319
146.336
146.335
146.339
146.386
146.397
146.393
146.388
146.380
146.367
146.360
146.366
146.374
146.386
146.373
146.371
146.382
146.369
146.359
146.354
146.326
146.325
146.324
146.320
146.319
146.318
146.294
146.303
146.321
146.353
146.353
146.362
146.362
146.383
146.388
146.381
146.393
146.393
146.384
146.397
146.396
146.376
146.369
146.352
146.345
146.340
146.335
146.365
146.365
146.358
146.332
146.332
146.348
146.348
146.332
146.354
146.341
146.360
146.384
146.381
146.381
146.382
146.428
146.429
146.431
146.430
146.407
146.400
146.409
146.375
146.380
146.388
146.383
146.385
146.421
146.410
146.397
146.390
146.353
146.332
146.311
146.316
146.303
146.309
146.302
146.291
146.288
146.265
146.252
146.243
146.241
146.239
146.250
146.204
146.178
146.160
146.133
146.096
146.074
146.059
146.052
146.052
146.018
146.035
146.084
146.086
146.103
146.116
146.070
146.037
146.014
145.992
146.010
146.055
146.074
146.057
146.056
146.090
146.103
146.115
146.117
146.104
146.128
146.101
146.097
146.081
146.060
146.046
145.979
145.955
145.973
146.010
145.984
145.999
146.047
146.059
146.042
146.026
146.020
146.021
146.011
145.979
145.979
145.960
145.951
145.936
145.938
145.884
145.938
145.958
145.985
145.967
145.966
145.964
145.966
145.965
145.964
145.961
145.968
145.969
145.973
146.032
146.034
146.023
146.031
146.032
146.036
146.053
146.064
146.061
146.033
146.027
146.068
146.081
146.104
146.067
146.040
146.048
146.047
146.053
146.048
146.061
146.079
146.059
146.019
146.021
145.997
145.942
145.989
145.977
145.987
146.009
146.008
146.049
146.080
146.068
146.011
146.053
146.089
146.211
146.200
146.199
146.274
146.345
146.334
146.286
146.261
146.249
146.220
146.192
146.193
146.202
146.211
146.195
146.204
146.223
146.250
146.257
146.234
146.237
146.232
146.210
146.252
146.255
146.247
146.243
146.227
146.213
146.188
146.190
146.193
146.173
146.185
146.185
146.144
146.151
146.158
146.153
146.162
146.162
146.168
146.168
146.174
146.188
146.205
146.199
146.187
146.186
146.151
146.153
146.129
146.155
146.193
146.205
146.203
146.228
146.249
146.281
146.278
146.231
146.213
146.185
146.151
146.159
146.188
146.179
146.168
146.192
146.195
146.232
146.244
146.236
146.234
146.248
146.228
146.212
146.193
146.199
146.227
146.209
146.189
146.198
146.199
146.161
146.188
146.183
146.186
146.184
146.209
146.203
146.168
146.182
146.158
146.153
146.183
146.211
146.217
146.232
146.255
146.286
146.287
146.258
146.256
146.269
146.277
146.282
146.251
146.246
146.245
146.217
146.211
146.204
146.200
146.195
146.174
146.171
146.182
146.168
146.166
146.144
146.146
146.137
146.132
146.127
146.118
146.108
146.133
146.148
146.126
146.115
146.114
146.114
146.112
146.107
146.108
146.126
146.151
146.151
146.148
146.141
146.116
146.125
146.121
146.125
146.116
146.131
146.139
146.153
146.168
146.131
146.146
146.141
146.139
146.157
146.158
146.147
146.130
146.129
146.119
146.120
146.131
146.125
146.137
146.130
146.090
146.085
146.095
146.099
146.096
146.095
146.096
146.096
146.090
146.093
146.091
146.099
146.072
146.071
146.058
146.058
146.071
146.066
146.048
146.060
146.061
146.065
146.074
146.076
146.080
146.098
146.091
146.100
146.101
146.093
146.088
146.090
146.090
146.097
146.094
146.094
146.094
146.099
146.098
146.100
146.099
146.100
146.123
146.134
146.143
146.136
146.125
146.130
146.133
146.150
146.163
146.164
146.170
146.182
146.174
146.188
146.185
146.200
146.191
146.210
146.227
146.223
146.250
146.252
146.261
146.243
146.235
146.235
146.252
146.276
146.280
146.281
146.300
146.294
146.291
146.272
146.282
146.291
146.295
146.300
146.297
146.287
146.295
146.290
146.261
146.254
146.244
146.242
146.240
146.221
146.222
146.210
146.204
146.227
146.243
146.251
146.251
146.270
146.264
146.267
146.267
146.288
146.279
146.285
146.273
146.281
146.287
146.285
146.284
146.307
146.303
146.296
146.297
146.297
146.295
146.316
146.321
146.341
146.343
146.319
146.322
146.309
146.309
146.302
146.314
146.298
146.308
146.308
146.310
146.309
146.329
146.349
146.357
146.371
146.366
146.346
146.340
146.320
146.320
146.318
146.313
146.333
146.334
146.331
146.309
146.306
146.300
146.288
146.287
146.278
146.279
146.263
146.333
146.329
146.330
146.328
146.322
146.324
146.313
146.311
146.292
146.294
146.289
146.282
146.283
146.281
146.281
146.277
146.272
146.282
146.280
146.282
146.279
146.282
146.280
146.282
146.263
146.251
146.251
146.255
146.255
146.260
146.254
146.236
146.235
146.232
146.231
146.225
146.228
146.235
146.249
146.248
146.221
146.223
146.225
146.216
146.204
146.197
146.205
146.208
146.209
146.213
146.218
146.210
146.217
146.212
146.214
146.216
146.212
146.218
146.216
146.219
146.216
146.211
146.210
146.201
146.198
146.201
146.202
146.203
146.199
146.191
146.164
146.161
146.148
146.142
146.152
146.137
146.115
146.112
146.114
146.118
146.121
146.123
146.127
146.117
146.113
146.115
146.120
146.117
146.108
146.103
146.081
146.082
146.086
146.092
146.103
146.137
146.130
146.154
146.236
146.228
146.154
146.148
146.128
146.194
146.142
146.138
146.126
146.123
146.114
146.115
146.113
146.118
146.111
146.117
146.114
146.111
146.119
146.153
146.115
146.097
146.115
146.109
146.109
146.109
146.108
146.093
146.084
146.072
146.082
146.070
146.066
146.069
146.058
146.063
146.024
146.016
145.975
145.921
145.916
145.903
145.894
145.862
145.851
145.723
145.691
145.738
145.750
145.813
145.663
145.662
145.649
145.624
145.622
145.653
145.667
145.657
145.660
145.663
145.629
145.643
145.639
145.603
145.581
145.572
145.560
145.570
145.573
145.592
145.578
145.555
145.543
145.538
145.490
145.499
145.469
145.467
145.456
145.416
145.301
145.275
145.275
145.235
145.336
145.326
145.336
145.351
145.330
145.330
145.321
145.312
145.281
145.305
145.271
145.313
145.310
145.267
145.278
145.359
145.367
145.525
145.433
145.407
145.444
145.460
145.468
145.458
145.443
145.383
145.545
145.463
145.488
145.518
145.481
145.467
145.465
145.470
145.481
145.471
145.457
145.436
145.473
145.438
145.465
145.435
145.437
145.441
145.427
145.413
145.403
145.395
145.380
145.406
145.420
145.429
145.464
145.463
145.456
145.458
145.456
145.450
145.454
145.430
145.447
145.448
145.462
145.478
145.501
145.486
145.484
145.477
145.470
145.469
145.474
145.466
145.466
145.451
145.441
145.407
145.421
145.456
145.455
145.471
145.457
145.481
145.473
145.472
145.505
145.514
145.536
145.605
145.623
145.598
145.590
145.590
145.600
145.580
145.564
145.562
145.582
145.591
145.590
145.587
145.573
145.565
145.573
145.568
145.544
145.528
145.550
145.547
145.532
145.546
145.540
145.543
145.548
145.542
145.573
145.563
145.540
145.550
145.551
145.559
145.562
145.561
145.541
145.524
145.520
145.512
145.510
145.513
145.512
145.504
145.501
145.497
145.476
145.445
145.454
145.448
145.459
145.457
145.466
145.479
145.483
145.482
145.471
145.498
145.529
145.527
145.518
145.511
145.511
145.517
145.520
145.525
145.518
145.504
145.493
145.487
145.482
145.476
145.471
145.468
145.457
145.452
145.447
145.446
145.432
145.432
145.450
145.449
145.471
145.471
145.478
145.484
145.479
145.495
145.502
145.501
145.495
145.489
145.498
145.496
145.483
145.482
145.520
145.511
145.508
145.505
145.511
145.515
145.510
145.504
145.500
145.516
145.516
145.514
145.509
145.513
145.515
145.515
145.522
145.525
145.526
145.526
145.528
145.540
145.550
145.560
145.562
145.578
145.578
145.594
145.594
145.609
145.609
145.630
145.639
145.639
145.639
145.631
145.625
145.614
145.604
145.591
145.597
145.587
145.583
145.586
145.579
145.618
145.583
145.587
145.584
145.568
145.578
145.582
145.598
145.606
145.609
145.616
145.616
145.618
145.611
145.615
145.622
145.621
145.631
145.624
145.638
145.644
145.654
145.648
145.650
145.644
145.641
145.622
145.620
145.630
145.636
145.654
145.669
145.680
145.676
145.664
145.670
145.672
145.652
145.661
145.664
145.663
145.659
145.632
145.627
145.625
145.623
145.628
145.623
145.616
145.618
145.622
145.622
145.643
145.648
145.650
145.647
145.645
145.643
145.637
145.639
145.641
145.641
145.648
145.648
145.655
145.657
145.662
145.672
145.671
145.672
145.664
145.662
145.658
145.668
145.663
145.658
145.680
145.678
145.672
145.671
145.667
145.665
145.674
145.674
145.671
145.667
145.669
145.672
145.668
145.660
145.660
145.667
145.665
145.659
145.664
145.675
145.680
145.686
145.678
145.674
145.685
145.694
145.700
145.705
145.718
145.740
145.744
145.739
145.730
145.728
145.722
145.693
145.693
145.693
145.684
145.682
145.686
145.708
145.702
145.691
145.687
145.686
145.692
145.697
145.692
145.698
145.700
145.733
145.721
145.719
145.704
145.693
145.669
145.677
145.674
145.676
145.670
145.662
145.622
145.612
145.615
145.586
145.574
145.567
145.582
145.590
145.589
145.608
145.605
145.600
145.607
145.604
145.600
145.603
145.614
145.625
145.626
145.645
145.651
145.640
145.639
145.638
145.639
145.623
145.610
145.616
145.591
145.587
145.610
145.595
145.550
145.572
145.563
145.527
145.550
145.540
145.535
145.537
145.528
145.497
145.481
145.475
145.470
145.449
145.458
145.455
145.449
145.452
145.482
145.485
145.480
145.474
145.469
145.469
145.462
145.458
145.441
145.420
145.419
145.407
145.365
145.369
145.355
145.332
145.342
145.335
145.373
145.338
145.353
145.344
145.301
145.332
145.379
145.373
145.339
145.330
145.307
145.283
145.246
145.225
145.269
145.263
145.280
145.237
145.253
145.262
145.249
145.258
145.272
145.269
145.269
145.268
145.273
145.275
145.282
145.278
145.350
145.381
145.407
145.387
145.342
145.367
145.331
145.339
145.361
145.378
145.403
145.401
145.398
145.386
145.416
145.426
145.444
145.441
145.491
145.504
145.499
145.469
145.469
145.464
145.447
145.443
145.443
145.416
145.374
145.376
145.387
145.380
145.369
145.359
145.315
145.305
145.266
145.343
145.301
145.345
145.345
145.284
145.263
145.260
145.257
145.285
145.302
145.289
145.301
145.309
145.306
145.285
145.275
145.272
145.267
145.152
145.024
144.920
144.891
144.909
144.922
144.911
144.813
144.701
144.527
144.500
144.589
144.611
144.572
144.386
144.359
144.379
144.425
144.433
144.432
144.422
144.389
144.418
144.434
144.479
144.505
144.520
144.506
144.551
144.542
144.556
144.584
144.567
144.567
144.593
144.679
144.745
144.790
144.811
144.806
144.787
144.776
144.812
144.833
144.877
144.908
144.899
144.843
144.888
144.903
144.923
144.921
144.856
144.842
144.752
144.692
144.661
144.674
144.670
144.633
144.622
144.582
144.602
144.603
144.534
144.514
144.508
144.489
144.452
144.405
144.363
144.432
144.486
144.609
144.567
144.603
144.588
144.633
144.625
144.644
144.611
144.679
144.679
144.706
144.698
144.600
144.522
144.367
144.385
144.451
144.489
144.493
144.507
144.531
144.524
144.518
144.434
144.508
144.550
144.593
144.634
144.668
144.656
144.669
144.650
144.633
144.668
144.679
144.675
144.733
144.735
144.733
144.703
144.720
144.717
144.762
144.845
144.857
144.824
144.820
144.773
144.752
144.750
144.750
144.760
144.750
144.649
144.656
144.723
144.730
144.712
144.697
144.688
144.607
144.597
144.621
144.618
144.636
144.604
144.560
144.558
144.538
144.547
144.570
144.588
144.598
144.654
144.650
144.660
144.658
144.648
144.672
144.676
144.666
144.640
144.657
144.659
144.631
144.612
144.618
144.664
144.689
144.681
144.608
144.643
144.638
144.618
144.560
144.579
144.599
144.654
144.648
144.645
144.633
144.638
144.659
144.638
144.630
144.628
144.612
144.611
144.613
144.615
144.616
144.659
144.683
144.683
144.680
144.672
144.720
144.729
144.772
144.777
144.796
144.789
144.795
144.786
144.797
144.793
144.764
144.769
144.775
144.781
144.770
144.768
144.775
144.773
144.760
144.751
144.704
144.718
144.732
144.732
144.742
144.746
144.730
144.734
144.718
144.722
144.743
144.742
144.751
144.765
144.770
144.774
144.778
144.744
144.737
144.713
144.719
144.726
144.726
144.717
144.715
144.683
144.669
144.649
144.650
144.624
144.562
144.570
144.601
144.592
144.585
144.577
144.569
144.544
144.517
144.542
144.544
144.586
144.585
144.554
144.540
144.571
144.571
144.597
144.615
144.614
144.587
144.593
144.590
144.592
144.601
144.616
144.599
144.590
144.585
144.586
144.639
144.627
144.641
144.633
144.616
144.621
144.625
144.607
144.541
144.548
144.534
144.511
144.484
144.478
144.370
144.271
144.229
144.317
144.361
144.351
144.354
144.350
144.327
144.329
144.370
144.366
144.359
144.341
144.354
144.352
144.332
144.340
144.326
144.327
144.282
144.297
144.280
144.247
144.195
144.260
144.295
144.282
144.286
144.308
144.279
144.237
144.239
144.207
144.220
144.164
144.168
144.163
144.148
144.156
144.141
144.158
144.184
144.202
144.206
144.172
144.197
144.182
144.131
144.070
144.096
144.116
144.119
144.109
144.092
144.058
144.090
144.093
144.055
144.071
144.077
144.081
144.107
144.157
144.163
144.200
144.195
144.194
144.195
144.205
144.215
144.203
144.174
144.187
144.185
144.106
144.091
144.134
144.151
144.129
144.093
144.113
144.094
144.095
144.112
144.060
144.050
144.080
144.078
144.118
144.100
144.092
144.106
144.117
144.142
144.150
144.157
144.139
144.161
144.152
144.163
144.168
144.158
144.159
144.187
144.193
144.209
144.178
144.147
144.112
144.077
144.125
144.143
144.147
144.162
144.193
144.192
144.192
144.222
144.221
144.202
144.242
144.251
144.299
144.314
144.325
144.374
144.367
144.354
144.374
144.381
144.376
144.392
144.387
144.361
144.305
144.350
144.352
144.336
144.347
144.308
144.322
144.322
144.339
144.332
144.328
144.328
144.343
144.294
144.288
144.320
144.321
144.293
144.283
144.303
144.298
144.277
144.265
144.255
144.258
144.260
144.251
144.243
144.242
144.232
144.204
144.187
144.197
144.205
144.199
144.164
144.173
144.121
144.093
144.049
143.992
143.980
143.972
143.969
143.912
143.859
143.859
143.921
143.910
143.890
143.897
143.882
143.863
143.871
143.873
143.862
143.862
143.872
143.894
143.911
143.929
143.943
143.957
143.959
143.963
143.949
143.938
143.944
143.952
143.928
143.899
143.883
143.894
143.875
143.929
143.938
143.918
143.914
143.917
143.892
143.900
143.905
143.876
143.853
143.817
143.699
143.688
143.643
143.653
143.580
143.555
143.584
143.596
143.602
143.663
143.660
143.666
143.641
143.643
143.634
143.631
143.649
143.662
143.666
143.655
143.674
143.668
143.693
143.715
143.731
143.734
143.713
143.698
143.709
143.741
143.750
143.770
143.782
143.783
143.755
143.737
143.722
143.723
143.727
143.678
143.662
143.657
143.654
143.648
143.630
143.647
143.650
143.626
143.607
143.609
143.598
143.606
143.645
143.637
143.619
143.616
143.596
143.587
143.578
143.569
143.562
143.535
143.555
143.566
143.561
143.586
143.591
143.587
143.597
143.588
143.605
143.613
143.615
143.648
143.713
143.721
143.768
143.766
143.765
143.741
143.726
143.735
143.720
143.716
143.716
143.711
143.741
143.733
143.716
143.715
143.703
143.705
143.699
143.686
143.675
143.654
143.650
143.642
143.648
143.646
143.634
143.638
143.643
143.655
143.642
143.650
143.622
143.613
143.609
143.591
143.624
143.637
143.633
143.638
143.640
143.649
143.645
143.645
143.638
143.638
143.630
143.627
143.630
143.638
143.629
143.640
143.635
143.637
143.622
143.644
143.642
143.647
143.649
143.649
143.659
143.640
143.604
143.604
143.623
143.630
143.614
143.610
143.622
143.622
143.631
143.630
143.641
143.655
143.653
143.635
143.634
143.631
143.635
143.625
143.629
143.623
143.634
143.627
143.644
143.643
143.655
143.670
143.671
143.673
143.711
143.706
143.700
143.713
143.706
143.697
143.697
143.696
143.678
143.670
143.669
143.668
143.668
143.643
143.637
143.621
143.606
143.606
143.606
143.611
143.631
143.651
143.667
143.674
143.668
143.681
143.681
143.696
143.709
143.712
143.718
143.721
143.701
143.690
143.686
143.685
143.716
143.722
143.719
143.727
143.716
143.706
143.706
143.705
143.700
143.746
143.746
143.745
143.732
143.753
143.750
143.763
143.773
143.774
143.775
143.769
143.763
143.767
143.775
143.764
143.768
143.774
143.744
143.763
143.779
143.776
143.774
143.760
143.759
143.748
143.749
143.729
143.723
143.743
143.746
143.743
143.739
143.727
143.717
143.699
143.682
143.674
143.673
143.679
143.687
143.695
143.703
143.699
143.703
143.706
143.763
143.761
143.764
143.758
143.747
143.773
143.831
143.819
143.801
143.798
143.784
143.788
143.841
143.841
143.811
143.803
143.834
143.854
143.867
143.865
143.855
143.866
143.866
143.846
143.854
143.879
143.893
143.909
143.897
143.880
143.871
143.859
143.856
143.847
143.823
143.797
143.793
143.797
143.812
143.815
143.804
143.786
143.774
143.771
143.755
143.744
143.732
143.732
143.708
143.688
143.685
143.698
143.697
143.696
143.714
143.729
143.761
143.769
143.758
143.756
143.743
143.783
143.796
143.841
143.829
143.836
143.803
143.820
143.816
143.806
143.810
143.806
143.800
143.789
143.784
143.799
143.788
143.782
143.861
143.867
143.827
143.823
143.827
143.832
143.823
143.813
143.813
143.847
143.852
143.816
143.818
143.825
143.824
143.844
143.843
143.833
143.817
143.832
143.830
143.830
143.831
143.825
143.824
143.820
143.818
143.839
143.833
143.826
143.833
143.831
143.834
143.855
143.848
143.846
143.836
143.806
143.820
143.822
143.819
143.822
143.805
143.809
143.809
143.811
143.817
143.820
143.818
143.826
143.829
143.828
143.828
143.824
143.824
143.830
143.848
143.850
143.856
143.857
143.855
143.855
143.853
143.864
143.869
143.877
143.881
143.879
143.881
143.882
143.875
143.864
143.860
143.842
143.835
143.835
143.837
143.827
143.817
143.813
143.749
143.744
143.747
143.742
143.745
143.732
143.726
143.723
143.708
143.704
143.698
143.689
143.729
143.741
143.744
143.740
143.741
143.733
143.675
143.624
143.631
143.615
143.599
143.592
143.605
143.635
143.630
143.627
143.635
143.631
143.638
143.629
143.627
143.622
143.627
143.613
143.614
143.593
143.592
143.604
143.600
143.604
143.610
143.600
143.587
143.654
143.654
143.642
143.637
143.625
143.619
143.635
143.635
143.671
143.684
143.685
143.659
143.665
143.663
143.656
143.644
143.627
143.652
143.656
143.660
143.648
143.675
143.682
143.685
143.684
143.708
143.689
143.666
143.660
143.645
143.636
143.630
143.622
143.609
143.595
143.586
143.583
143.583
143.587
143.588
143.603
143.597
143.581
143.564
143.568
143.574
143.578
143.578
143.592
143.603
143.604
143.607
143.593
143.597
143.578
143.577
143.558
143.570
143.564
143.567
143.553
143.567
143.562
143.572
143.577
143.574
143.570
143.555
143.555
143.549
143.542
143.542
143.540
143.541
143.506
143.421
143.463
143.432
143.395
143.381
143.381
143.398
143.396
143.393
143.395
143.399
143.395
143.392
143.373
143.346
143.375
143.377
143.375
143.391
143.396
143.386
143.373
143.378
143.381
143.363
143.367
143.348
143.330
143.293
143.311
143.305
143.335
143.311
143.290
143.281
143.230
143.217
143.208
143.142
143.125
143.124
143.119
143.138
143.149
143.187
143.191
143.205
143.203
143.202
143.229
143.253
143.279
143.282
143.304
143.310
143.293
143.283
143.245
143.222
143.224
143.251
143.265
143.266
143.288
143.302
143.309
143.310
143.298
143.296
143.261
143.264
143.266
143.283
143.286
143.279
143.272
143.278
143.284
143.296
143.296
143.289
143.292
143.292
143.298
143.314
143.321
143.330
143.338
143.335
143.350
143.349
143.345
143.340
143.344
143.337
143.337
143.317
143.315
143.305
143.279
143.296
143.301
143.307
143.325
143.323
143.308
143.323
143.326
143.317
143.320
143.323
143.332
143.325
143.319
143.322
143.354
143.363
143.356
143.361
143.360
143.372
143.372
143.374
143.434
143.424
143.427
143.433
143.426
143.422
143.425
143.441
143.443
143.447
143.444
143.443
143.432
143.425
143.425
143.428
143.442
143.437
143.432
143.435
143.436
143.434
143.425
143.422
143.398
143.398
143.402
143.399
143.406
143.406
143.413
143.413
143.409
143.403
143.393
143.381
143.356
143.358
143.343
143.337
143.325
143.318
143.311
143.306
143.282
143.299
143.297
143.360
143.368
143.358
143.389
143.419
143.394
143.395
143.392
143.385
143.399
143.396
143.386
143.422
143.436
143.441
143.430
143.434
143.434
143.418
143.415
143.402
143.414
143.414
143.391
143.367
143.382
143.416
143.421
143.421
143.441
143.439
143.438
143.408
143.394
143.408
143.419
143.409
143.411
143.400
143.407
143.409
143.397
143.396
143.389
143.395
143.403
143.395
143.403
143.398
143.396
143.397
143.357
143.373
143.380
143.388
143.400
143.401
143.401
143.442
143.443
143.444
143.426
143.439
143.450
143.441
143.447
143.455
143.519
143.536
143.532
143.544
143.544
143.531
143.526
143.514
143.507
143.516
143.541
143.534
143.533
143.536
143.531
143.527
143.538
143.538
143.534
143.525
143.528
143.499
143.503
143.512
143.504
143.496
143.491
143.478
143.462
143.464
143.467
143.472
143.477
143.472
143.473
143.473
143.467
143.479
143.476
143.445
143.392
143.405
143.409
143.406
143.385
143.377
143.356
143.343
143.359
143.347
143.340
143.342
143.392
143.417
143.430
143.430
143.428
143.430
143.424
143.432
143.413
143.411
143.405
143.400
143.443
143.473
143.459
143.469
143.466
143.425
143.435
143.428
143.417
143.427
143.448
143.466
143.498
143.733
143.700
143.616
143.642
143.606
143.599
143.577
143.554
143.603
143.609
143.627
143.594
143.589
143.594
143.566
143.554
143.546
143.502
143.483
143.498
143.517
143.475
143.448
143.513
143.514
143.507
143.540
143.515
143.574
143.573
143.556
143.607
143.621
143.621
143.647
143.661
143.662
143.637
143.630
143.642
143.644
143.645
143.643
143.589
143.605
143.563
143.567
143.563
143.557
143.592
143.555
143.505
143.510
143.510
143.502
143.540
143.542
143.508
143.517
143.395
143.286
143.397
143.350
143.254
143.326
143.318
143.292
143.307
143.393
143.384
