143.618
143.624
143.639
143.709
143.754
143.844
143.912
143.950
144.019
143.976
143.977
144.022
144.045
144.021
144.030
144.010
143.987
143.987
143.938
143.939
143.906
143.843
143.831
143.808
143.809
143.801
143.861
143.948
143.947
143.941
143.888
143.897
143.916
143.887
143.887
144.003
143.951
143.948
144.008
144.039
144.031
144.024
143.987
144.020
144.063
144.064
144.101
144.075
144.087
144.091
144.100
144.096
144.045
144.046
144.070
144.040
144.074
144.118
144.119
144.009
143.991
143.934
143.876
143.873
143.909
143.894
143.873
143.865
143.871
143.869
143.874
143.949
143.979
143.988
143.966
143.923
143.919
143.936
143.938
143.914
143.938
143.918
143.922
143.895
143.903
143.907
143.896
143.936
143.924
143.926
143.919
143.875
143.775
143.776
143.833
143.859
143.840
143.841
143.838
143.777
143.728
143.712
143.732
143.794
143.777
143.759
143.764
143.996
143.960
143.907
143.919
143.972
143.990
143.920
143.945
143.958
143.867
143.876
143.960
144.040
143.977
143.977
143.977
143.977
143.977
143.977
147.141
147.194
146.998
146.924
146.936
147.208
147.340
147.340
147.427
147.515
147.604
147.587
147.498
147.588
147.580
147.496
147.392
147.206
147.441
147.405
147.464
147.581
147.703
147.745
147.757
147.745
147.753
147.774
147.782
147.774
147.807
147.835
147.869
147.856
147.863
147.873
147.875
147.863
147.878
147.916
147.918
147.869
147.874
147.836
147.805
147.339
147.135
147.252
147.300
147.340
147.351
147.374
147.472
147.441
147.340
147.356
147.385
147.300
147.321
147.419
147.496
147.482
147.486
147.381
147.378
147.440
147.429
147.465
147.476
147.455
147.472
147.452
147.454
147.563
147.570
147.630
147.570
147.528
147.494
147.523
147.493
147.425
147.444
147.336
147.336
147.432
147.467
147.449
147.446
147.430
147.446
147.454
147.468
147.468
147.461
147.416
147.415
147.435
147.416
147.299
147.268
147.260
147.267
147.264
147.317
147.328
147.398
147.401
147.430
147.423
147.425
147.429
147.432
147.402
147.415
147.450
147.453
147.348
147.285
147.250
147.247
147.229
147.220
147.229
147.217
147.237
147.339
147.314
147.288
147.277
147.228
147.231
147.235
147.264
147.279
147.281
147.251
147.254
147.289
147.345
147.412
147.397
147.333
147.339
147.339
147.344
147.341
147.329
147.319
147.321
147.316
147.316
147.298
147.268
147.262
147.261
147.262
147.263
147.247
147.247
147.270
147.277
147.290
147.284
147.294
147.333
147.342
147.309
147.310
147.292
147.318
147.335
147.357
147.401
147.406
147.424
147.448
147.409
147.367
147.380
147.436
147.410
147.401
147.401
147.436
147.403
147.406
147.433
147.432
147.413
147.412
147.407
147.399
147.388
147.365
147.368
147.378
147.400
147.482
147.506
147.542
147.547
147.574
147.562
147.546
147.540
147.551
147.592
147.588
147.600
147.609
147.620
147.634
147.623
147.624
147.600
147.593
147.596
147.585
147.623
147.639
147.657
147.680
147.742
147.770
147.790
147.811
147.850
147.821
147.799
147.791
147.778
147.779
147.799
147.807
147.811
147.816
147.822
147.818
147.787
147.792
147.797
147.814
147.818
147.802
147.816
147.853
147.872
147.892
147.935
147.881
147.855
147.863
147.868
147.809
147.797
147.748
147.754
147.774
147.765
147.750
147.760
147.737
147.736
147.717
147.652
147.613
147.602
147.627
147.633
147.611
147.621
147.607
147.644
147.706
147.719
147.705
147.679
147.673
147.681
147.671
147.651
147.648
147.664
147.673
147.644
147.630
147.637
147.642
147.652
147.652
147.655
147.660
147.658
147.664
147.666
147.653
147.667
147.668
147.682
147.676
147.671
147.663
147.652
147.610
147.597
147.596
147.592
147.488
147.499
147.359
147.361
147.456
147.492
147.444
147.369
147.355
147.366
147.414
147.441
147.455
147.453
147.465
147.532
147.522
147.524
147.549
147.532
147.539
147.555
147.537
147.560
147.543
147.549
147.551
147.586
147.587
147.605
147.639
147.632
147.657
147.681
147.688
147.685
147.676
147.660
147.655
147.654
147.648
147.639
147.637
147.641
147.658
147.698
147.714
147.690
147.698
147.699
147.706
147.700
147.698
147.656
147.664
147.677
147.683
147.670
147.626
147.599
147.557
147.509
147.577
147.561
147.566
147.572
147.604
147.582
147.568
147.542
147.536
147.534
147.536
147.552
147.499
147.526
147.553
147.546
147.475
147.496
147.511
147.524
147.556
147.532
147.556
147.564
147.563
147.513
147.515
147.530
147.534
147.527
147.538
147.533
147.546
147.547
147.545
147.552
147.562
147.575
147.554
147.552
147.541
147.556
147.535
147.511
147.520
147.549
147.545
147.545
147.557
147.559
147.566
147.594
147.583
147.586
147.568
147.596
147.587
147.563
147.552
147.583
147.583
147.585
147.588
147.582
147.569
147.549
147.535
147.533
147.536
147.589
147.595
147.589
147.597
147.606
147.617
147.627
147.634
147.664
147.648
147.649
147.645
147.656
147.621
147.615
147.618
147.665
147.661
147.647
147.655
147.670
147.661
147.652
147.625
147.629
147.631
147.603
147.610
147.619
147.649
147.639
147.643
147.645
147.661
147.662
147.614
147.620
147.632
147.600
147.600
147.604
147.658
147.653
147.678
147.680
147.650
147.641
147.630
147.637
147.615
147.625
147.599
147.605
147.607
147.600
147.576
147.593
147.630
147.652
147.649
147.656
147.650
147.623
147.599
147.635
147.609
147.631
147.654
147.666
147.677
147.664
147.640
147.680
147.661
147.638
147.628
147.632
147.641
147.647
147.624
147.634
147.639
147.607
147.609
147.606
147.608
147.593
147.541
147.451
147.439
147.342
147.227
147.340
147.400
147.419
147.368
147.484
147.500
147.456
147.470
147.522
147.514
147.495
147.479
147.441
147.453
147.442
147.390
147.386
147.363
147.361
147.313
147.282
147.238
147.275
147.256
147.251
147.250
147.233
147.239
147.249
147.137
147.148
147.090
147.177
147.184
147.267
147.211
147.211
147.131
147.152
147.121
147.036
147.076
147.077
147.068
147.087
147.097
147.130
147.116
147.108
147.066
147.067
147.063
147.076
147.087
147.074
147.078
147.085
147.116
147.152
147.145
147.105
147.065
147.075
147.091
147.153
147.120
147.133
147.144
147.149
147.133
147.150
147.169
147.185
147.169
147.182
147.159
147.128
147.106
147.115
147.092
147.069
147.051
147.002
146.985
146.951
146.923
146.934
146.955
146.954
146.960
146.990
146.948
146.925
146.957
146.967
146.959
146.999
147.036
147.036
147.038
147.048
147.018
146.987
147.031
147.086
147.111
147.084
147.042
147.036
147.029
146.998
146.995
146.994
146.999
147.009
146.998
146.943
146.939
146.880
146.865
146.878
146.866
146.878
146.874
146.873
146.876
146.910
146.886
146.893
146.898
146.749
146.696
146.730
146.753
146.746
146.753
146.731
146.717
146.647
146.536
146.552
146.470
146.486
146.510
146.554
146.568
146.627
146.648
146.670
146.665
146.633
146.702
146.724
146.738
146.770
146.736
146.738
146.757
146.745
146.759
146.784
146.811
146.838
146.893
146.926
146.950
146.937
146.960
147.059
147.083
147.051
147.020
146.999
146.992
147.021
147.065
147.080
147.104
147.093
147.054
147.034
147.029
147.093
147.093
147.053
147.055
147.045
147.062
147.070
147.067
147.089
147.082
147.079
147.119
147.120
147.130
147.076
147.027
147.029
147.068
147.059
147.049
147.047
147.052
147.055
147.100
147.090
147.027
147.024
147.028
147.022
147.010
146.922
146.923
146.975
146.975
147.003
146.981
146.985
146.945
146.949
146.939
146.892
146.901
146.887
146.898
146.891
146.885
146.879
146.804
146.771
146.797
146.786
146.774
146.806
146.838
146.827
146.769
146.752
146.802
146.845
146.844
146.874
146.869
146.787
146.744
146.773
146.767
146.768
146.759
146.764
146.771
146.769
146.751
146.746
146.732
146.767
146.753
146.756
146.730
146.727
146.742
146.732
146.786
146.788
146.791
146.792
146.782
146.789
146.802
146.802
146.805
146.833
146.862
146.881
146.887
146.911
146.923
146.978
146.965
146.939
146.935
146.928
146.921
146.922
146.927
146.903
146.881
146.903
146.889
146.919
146.915
146.908
146.922
146.929
146.927
146.898
146.916
146.937
146.929
146.852
146.820
146.813
146.812
146.776
146.766
146.771
146.777
146.806
146.814
146.809
146.805
146.807
146.819
146.838
146.839
146.838
146.860
146.862
146.850
146.828
146.826
146.827
146.819
146.795
146.777
146.779
146.778
146.786
146.788
146.813
146.796
146.793
146.807
146.810
146.797
146.781
146.784
146.780
146.768
146.746
146.738
146.737
146.773
146.754
146.751
146.761
146.775
146.787
146.793
146.804
146.770
146.763
146.775
146.780
146.770
146.766
146.735
146.709
146.689
146.725
146.568
146.560
146.574
146.572
146.601
146.601
146.622
146.627
146.672
146.643
146.648
146.638
146.661
146.657
146.623
146.619
146.612
146.616
146.589
146.574
146.579
146.512
146.498
146.530
146.515
146.503
146.504
146.491
146.483
146.509
146.515
146.510
146.460
146.481
146.552
146.592
146.578
146.598
146.590
146.569
146.514
146.499
146.380
146.345
146.321
146.324
146.308
146.313
146.368
146.392
146.360
146.324
146.317
146.309
146.308
146.195
146.102
146.169
146.148
146.100
145.897
145.920
146.060
146.071
146.066
146.091
146.138
146.138
146.082
145.790
145.796
145.911
145.882
145.804
145.809
145.802
145.749
145.622
145.652
145.707
145.785
145.815
145.885
145.914
145.820
145.745
145.767
145.807
145.794
145.745
145.733
145.700
145.670
145.670
145.636
145.595
145.535
145.538
145.582
145.482
145.470
145.550
145.620
145.679
145.689
145.688
145.711
145.726
145.781
145.794
145.770
145.741
145.680
145.662
145.672
145.748
145.723
145.685
145.661
145.725
145.707
145.714
145.692
145.799
146.078
146.256
146.341
146.321
146.246
146.174
146.065
145.945
145.939
145.913
145.938
145.827
145.735
145.722
145.760
145.862
145.899
145.923
145.953
145.933
145.963
146.009
146.017
145.992
146.039
146.064
145.902
145.867
145.826
145.842
145.817
145.776
145.762
145.683
145.646
145.600
145.489
145.512
145.587
145.656
145.649
145.684
145.713
145.738
145.760
145.739
145.730
145.684
145.614
145.608
145.688
145.756
145.760
145.730
145.719
145.760
145.783
145.800
145.768
145.814
145.810
145.798
145.801
145.821
145.815
145.801
145.834
145.901
145.929
145.801
145.724
145.743
145.733
145.736
145.683
145.667
145.611
145.584
145.584
145.492
145.553
145.614
145.636
145.648
145.602
145.608
145.603
145.603
145.636
145.650
145.627
145.623
145.636
145.632
145.640
145.627
145.639
145.650
145.661
145.681
145.683
145.691
145.693
145.714
145.733
145.737
145.730
145.722
145.731
145.765
145.781
145.826
145.826
145.865
145.891
145.903
145.866
145.878
145.852
145.818
145.812
145.809
145.825
145.820
145.795
145.789
145.789
145.789
145.805
145.800
145.814
145.830
145.841
145.845
145.797
145.789
145.801
145.803
145.798
145.793
145.769
145.790
145.802
145.807
145.816
145.810
145.814
145.797
145.774
145.777
145.777
145.779
145.783
145.795
145.798
145.800
145.813
145.808
145.816
145.787
145.792
145.804
145.791
145.767
145.768
145.755
145.761
145.756
145.757
145.753
145.724
145.774
145.736
145.716
145.694
145.619
145.624
145.638
145.649
145.674
145.686
145.679
145.692
145.701
145.729
145.751
145.744
145.734
145.727
145.720
145.702
145.681
145.681
145.656
145.642
145.638
145.617
145.611
145.621
145.611
145.610
145.613
145.640
145.645
145.653
145.653
145.644
145.631
145.643
145.657
145.665
145.657
145.652
145.647
145.665
145.687
145.699
145.744
145.712
145.730
145.728
145.708
145.713
145.672
145.691
145.682
145.686
145.687
145.686
145.692
145.727
145.733
145.704
145.699
145.700
145.716
145.740
145.741
145.748
145.758
145.730
145.730
145.731
145.733
145.750
145.766
145.768
145.749
145.738
145.749
145.756
145.737
145.732
145.737
145.738
145.744
145.727
145.754
145.765
145.766
145.767
145.763
145.764
145.755
145.756
145.763
145.768
145.759
145.761
145.771
145.765
145.767
145.755
145.758
145.765
145.754
145.765
145.765
145.765
145.753
145.746
145.748
145.749
145.768
145.771
145.760
145.777
145.772
145.767
145.763
145.766
145.781
145.783
145.782
145.777
145.805
145.808
145.800
145.822
145.839
145.825
145.815
145.817
145.816
145.813
145.812
145.807
145.802
145.807
145.804
145.828
145.825
145.824
145.813
145.803
145.799
145.789
145.790
145.802
145.804
145.824
145.807
145.816
145.826
145.812
145.817
145.823
145.822
145.803
145.821
145.817
145.811
145.824
145.827
145.823
145.833
145.841
145.845
145.857
145.865
145.867
145.866
145.879
145.878
145.882
145.886
145.883
145.880
145.881
145.890
145.901
145.897
145.893
145.901
145.901
145.906
145.912
145.905
145.903
145.911
145.893
145.875
145.861
145.864
145.875
145.870
145.853
145.857
145.863
145.856
145.856
145.856
145.877
145.876
145.852
145.846
145.852
145.876
145.858
145.858
145.844
145.846
145.841
145.852
145.855
145.822
145.823
145.831
145.849
145.856
145.867
145.863
145.865
145.866
145.850
145.845
145.836
145.836
145.827
145.823
145.824
145.816
145.816
145.827
145.817
145.820
145.821
145.810
145.813
145.828
145.851
145.858
145.855
145.824
145.810
145.832
145.817
145.808
145.860
145.891
145.913
145.908
145.890
145.888
145.900
145.893
145.904
145.894
145.896
145.909
145.946
145.930
145.924
145.927
145.912
145.913
145.922
145.939
145.949
145.955
145.948
145.955
145.947
145.953
145.973
145.968
145.959
145.937
145.937
145.943
145.942
145.945
145.943
145.959
145.963
145.970
145.965
145.953
145.944
145.953
145.952
145.948
145.953
145.958
145.957
145.949
145.948
145.962
145.956
145.960
145.975
145.984
145.991
145.993
145.998
146.003
146.004
146.007
146.001
146.000
146.007
146.012
146.019
146.018
146.018
146.021
146.031
146.043
146.049
146.042
146.045
146.043
146.045
146.057
146.081
146.104
146.106
146.124
146.142
146.143
146.150
146.150
146.152
146.142
146.136
146.143
146.101
146.083
146.107
146.112
146.112
146.120
146.100
146.117
146.114
146.106
146.089
146.076
146.079
146.083
146.077
146.073
146.069
146.114
146.126
146.129
146.119
146.104
146.088
146.084
146.063
146.066
146.068
146.071
146.089
146.089
146.073
146.071
146.091
146.107
146.131
146.134
146.123
146.153
146.141
146.141
146.145
146.149
146.138
146.102
146.095
146.105
146.100
146.100
146.098
146.119
146.115
146.098
146.090
146.074
146.064
146.067
146.062
146.069
146.078
146.072
146.074
146.087
146.090
146.097
146.110
146.101
146.117
146.142
146.134
146.117
146.122
146.072
146.081
146.081
146.112
146.110
146.117
146.149
146.114
146.095
146.098
146.106
146.101
146.100
146.101
146.099
146.103
146.103
146.104
146.117
146.130
146.132
146.135
146.146
146.140
146.134
146.140
146.141
146.142
146.138
146.119
146.120
146.123
146.112
146.117
146.119
146.130
146.127
146.120
146.107
146.093
146.093
146.095
146.118
146.114
146.110
146.106
146.100
146.102
146.106
146.100
146.100
146.104
146.118
146.117
146.121
146.123
146.133
146.129
146.131
146.128
146.129
146.125
146.125
146.136
146.145
146.164
146.177
146.219
146.233
146.209
146.201
146.205
146.231
146.239
146.252
146.267
146.295
146.307
146.296
146.316
146.334
146.347
146.350
146.358
146.365
146.392
146.377
146.365
146.374
146.369
146.384
146.379
146.365
146.370
146.377
146.381
146.386
146.386
146.380
146.374
146.371
146.380
146.374
146.373
146.370
146.380
146.391
146.389
146.393
146.402
146.408
146.399
146.464
146.464
146.464
146.475
146.460
146.472
146.469
146.446
146.452
146.464
146.465
146.468
146.445
146.437
146.454
146.457
146.465
146.467
146.459
146.464
146.479
146.482
146.478
146.482
146.482
146.477
146.479
146.482
146.481
146.492
146.505
146.515
146.503
146.507
146.529
146.537
146.551
146.555
146.559
146.563
146.570
146.572
146.562
146.560
146.554
146.550
146.550
146.549
146.528
146.493
146.494
146.507
146.523
146.527
146.510
146.478
146.487
146.499
146.506
146.466
146.492
146.469
146.471
146.467
146.501
146.474
146.466
146.459
146.452
146.462
146.460
146.473
146.480
146.480
146.477
146.475
146.477
146.480
146.478
146.490
146.483
146.481
146.465
146.468
146.463
146.451
146.442
146.447
146.437
146.437
146.444
146.439
146.436
146.441
146.455
146.450
146.445
146.446
146.445
146.459
146.462
146.452
146.450
146.457
146.454
146.449
146.459
146.456
146.464
146.471
146.469
146.468
146.472
146.465
146.463
146.465
146.462
146.448
146.453
146.434
146.442
146.439
146.438
146.441
146.439
146.446
146.446
146.451
146.449
146.455
146.429
146.432
146.441
146.429
146.426
146.430
146.433
146.431
146.430
146.425
146.437
146.442
146.448
146.443
146.438
146.445
146.448
146.453
146.444
146.482
146.484
146.488
146.505
146.506
146.493
146.481
146.462
146.462
146.466
146.476
146.478
146.460
146.465
146.470
146.460
146.464
146.471
146.474
146.481
146.490
146.487
146.486
146.490
146.482
146.480
146.475
146.462
146.452
146.439
146.434
146.443
146.448
146.442
146.442
146.442
146.446
146.436
146.445
146.448
146.459
146.430
146.443
146.435
146.426
146.427
146.434
146.437
146.441
146.433
146.443
146.442
146.427
146.445
146.454
146.435
146.430
146.440
146.445
146.447
146.443
146.443
146.440
146.450
146.440
146.440
146.443
146.444
146.446
146.445
146.440
146.433
146.442
146.440
146.437
146.438
146.438
146.474
146.475
146.472
146.490
146.509
146.521
146.513
146.519
146.523
146.533
146.561
146.563
146.617
146.611
146.630
146.737
146.730
146.739
146.750
146.724
146.727
146.731
146.734
146.732
146.724
146.709
146.711
146.647
146.677
146.681
146.685
146.692
146.712
146.732
146.709
146.718
146.717
146.713
146.716
146.721
146.727
146.724
146.706
146.674
146.676
146.668
146.626
146.655
146.671
146.697
146.712
146.687
146.696
146.661
146.659
146.660
146.668
146.701
146.679
146.648
146.591
146.588
146.536
146.485
146.558
146.513
146.524
146.495
146.466
146.450
146.434
146.448
146.462
146.510
146.492
146.503
146.526
146.526
146.549
146.554
146.531
146.532
146.503
146.410
146.441
146.423
146.424
146.409
146.430
146.423
146.370
146.371
146.357
146.361
146.388
146.381
146.394
146.316
146.273
146.362
146.391
146.435
146.411
146.428
146.445
146.418
146.419
146.431
146.455
146.451
146.453
146.448
146.448
146.334
146.415
146.415
146.439
146.422
146.474
146.518
146.521
146.529
146.485
146.449
146.476
146.453
146.432
146.435
146.418
146.424
146.384
146.354
146.358
146.339
146.270
146.300
146.306
146.312
146.300
146.294
146.302
146.328
146.317
146.302
146.274
146.269
146.185
146.196
146.222
146.209
146.216
146.215
146.223
146.184
146.177
146.087
146.103
146.128
146.092
146.100
146.120
146.131
146.140
146.172
146.199
146.168
146.156
146.095
146.095
146.100
146.117
146.115
146.033
145.952
145.948
145.977
146.042
146.061
146.089
146.082
146.023
146.029
146.019
146.009
146.011
146.003
146.034
146.035
146.031
146.020
146.003
145.991
145.980
145.957
145.851
145.825
145.834
145.856
145.864
145.829
145.892
145.890
145.891
145.888
145.889
145.909
145.951
145.974
146.010
146.053
145.991
145.960
145.953
145.990
146.012
146.034
145.992
145.999
146.004
146.009
145.982
145.978
146.009
145.983
145.982
146.019
146.015
145.995
145.989
145.968
145.974
145.975
146.011
146.008
146.029
146.054
146.057
146.096
146.100
146.117
146.126
146.152
146.165
146.183
146.176
146.192
146.200
146.210
146.198
146.210
146.219
146.201
146.225
146.231
146.222
146.228
146.207
146.203
146.204
146.196
146.216
146.220
146.231
146.268
146.273
146.254
146.291
146.295
146.310
146.291
146.293
146.287
146.260
146.252
146.265
146.274
146.260
146.267
146.261
146.254
146.244
146.184
146.179
146.193
146.193
146.219
146.243
146.243
146.255
146.259
146.249
146.260
146.272
146.233
146.225
146.253
146.260
146.241
146.232
146.244
146.248
146.251
146.261
146.249
146.253
146.262
146.257
146.280
146.283
146.296
146.326
146.328
146.341
146.370
146.374
146.382
146.352
146.330
146.317
146.323
146.362
146.360
146.350
146.351
146.351
146.346
146.343
146.324
146.314
146.310
146.307
146.297
146.299
146.292
146.267
146.265
146.298
146.296
146.321
146.341
146.344
146.356
146.364
146.373
146.375
146.380
146.373
146.371
146.368
146.356
146.344
146.325
146.309
146.325
146.319
146.325
146.346
146.320
146.322
146.315
146.315
146.328
146.313
146.333
146.325
146.333
146.353
146.364
146.361
146.372
146.383
146.414
146.416
146.397
146.389
146.397
146.378
146.360
146.356
146.373
146.370
146.368
146.381
146.374
146.379
146.341
146.303
146.299
146.274
146.287
146.297
146.301
146.273
146.273
146.256
146.246
146.197
146.218
146.230
146.222
146.186
146.180
146.123
146.128
146.064
146.060
146.041
146.024
146.027
146.012
145.998
145.985
146.026
146.041
146.073
146.052
146.033
145.975
145.979
145.962
145.982
146.008
146.046
146.040
146.038
146.041
146.073
146.094
146.093
146.059
146.075
146.074
146.079
146.047
146.031
145.962
145.910
145.878
145.933
145.945
145.956
145.969
145.992
146.026
146.022
145.981
145.992
145.993
145.947
145.937
145.934
145.934
145.908
145.921
145.864
145.847
145.879
145.908
145.954
145.952
145.948
145.951
145.953
145.939
145.944
145.944
145.949
145.956
145.961
145.965
145.989
146.004
146.008
145.997
146.009
146.026
146.048
146.025
146.006
146.011
146.018
146.052
146.051
146.032
146.011
146.035
146.033
146.007
146.001
146.022
146.041
146.024
145.990
145.989
145.913
145.893
145.934
145.936
145.938
145.978
145.983
146.009
146.048
146.001
145.988
145.983
146.012
146.064
146.173
146.164
146.176
146.276
146.280
146.231
146.233
146.209
146.179
146.154
146.166
146.171
146.186
146.159
146.162
146.199
146.219
146.193
146.184
146.196
146.200
146.185
146.189
146.223
146.213
146.211
146.177
146.160
146.151
146.171
146.172
146.156
146.171
146.134
146.128
146.114
146.126
146.138
146.135
146.137
146.147
146.149
146.150
146.146
146.161
146.164
146.165
146.146
146.131
146.124
146.091
146.105
146.115
146.174
146.177
146.176
146.189
146.246
146.225
146.204
146.185
146.147
146.135
146.138
146.141
146.126
146.134
146.158
146.170
146.189
146.193
146.198
146.216
146.227
146.196
146.189
146.161
146.158
146.199
146.173
146.174
146.176
146.153
146.136
146.163
146.141
146.147
146.172
146.176
146.147
146.140
146.138
146.143
146.140
146.149
146.184
146.196
146.212
146.228
146.245
146.249
146.246
146.244
146.256
146.248
146.248
146.246
146.235
146.214
146.204
146.200
146.161
146.168
146.152
146.152
146.147
146.154
146.151
146.143
146.134
146.108
146.115
146.116
146.111
146.091
146.093
146.107
146.116
146.116
146.084
146.086
146.092
146.093
146.088
146.094
146.096
146.119
146.148
146.115
146.111
146.107
146.096
146.093
146.110
146.101
146.110
146.125
146.140
146.131
146.128
146.115
146.112
146.121
146.123
146.144
146.105
146.108
146.117
146.106
146.099
146.113
146.113
146.125
146.077
146.074
146.073
146.085
146.092
146.081
146.069
146.071
146.079
146.069
146.083
146.070
146.058
146.061
146.046
146.045
146.028
146.051
146.042
146.042
146.048
146.047
146.049
146.059
146.066
146.071
146.083
146.083
146.090
146.087
146.074
146.079
146.078
146.080
146.087
146.076
146.076
146.084
146.079
146.090
146.090
146.087
146.094
146.103
146.115
146.124
146.118
146.116
146.112
146.110
146.129
146.151
146.154
146.156
146.166
146.170
146.164
146.162
146.164
146.168
146.184
146.212
146.214
146.220
146.240
146.242
146.230
146.222
146.217
146.227
146.251
146.259
146.266
146.281
146.281
146.267
146.264
146.262
146.278
146.284
146.290
146.284
146.270
146.265
146.260
146.249
146.244
146.232
146.220
146.212
146.204
146.201
146.194
146.192
146.209
146.216
146.243
146.250
146.255
146.249
146.249
146.251
146.265
146.273
146.267
146.257
146.271
146.270
146.277
146.275
146.283
146.290
146.283
146.281
146.292
146.291
146.297
146.301
146.312
146.317
146.317
146.298
146.295
146.296
146.289
146.294
146.289
146.290
146.297
146.289
146.294
146.311
146.320
146.335
146.352
146.333
146.331
146.320
146.311
146.314
146.299
146.296
146.312
146.315
146.312
146.294
146.292
146.286
146.283
146.275
146.278
146.265
146.260
146.261
146.317
146.324
146.320
146.298
146.310
146.307
146.292
146.261
146.269
146.272
146.273
146.276
146.273
146.278
146.263
146.262
146.270
146.272
146.279
146.273
146.273
146.262
146.259
146.245
146.244
146.245
146.250
146.246
146.249
146.236
146.229
146.231
146.219
146.221
146.214
146.219
146.217
146.224
146.215
146.216
146.213
146.207
146.195
146.193
146.196
146.194
146.198
146.200
146.206
146.211
146.207
146.212
146.210
146.214
146.209
146.208
146.207
146.210
146.215
146.195
146.206
146.199
146.192
146.195
146.199
146.196
146.184
146.187
146.150
146.156
146.148
146.141
146.133
146.138
146.112
146.101
146.106
146.109
146.106
146.118
146.116
146.098
146.092
146.107
146.108
146.113
146.100
146.100
146.072
146.077
146.079
146.079
146.086
146.091
146.102
146.111
146.130
146.126
146.165
146.134
146.126
146.115
146.126
146.127
146.113
146.115
146.117
146.113
146.115
146.113
146.104
146.111
146.106
146.110
146.107
146.108
146.074
146.092
146.091
146.092
146.104
146.106
146.107
146.093
146.069
146.068
146.063
146.065
146.070
146.066
146.012
146.002
146.026
146.024
145.962
145.818
145.856
145.825
145.829
145.836
145.825
145.672
145.443
145.513
145.632
145.667
145.645
145.644
145.640
145.583
145.571
145.592
145.617
145.635
145.638
145.652
145.621
145.613
145.631
145.605
145.542
145.563
145.547
145.549
145.549
145.563
145.571
145.557
145.535
145.530
145.494
145.444
145.454
145.409
145.424
145.412
145.201
145.117
145.192
145.152
145.197
145.188
145.283
145.303
145.322
145.291
145.294
145.292
145.253
145.257
145.267
145.193
145.228
145.259
145.231
145.244
145.249
145.326
145.349
145.359
145.364
145.386
145.420
145.401
145.397
145.361
145.339
145.369
145.378
145.402
145.418
145.435
145.432
145.437
145.452
145.458
145.386
145.431
145.400
145.415
145.416
145.421
145.417
145.423
145.407
145.404
145.391
145.388
145.368
145.369
145.379
145.389
145.401
145.429
145.444
145.442
145.445
145.424
145.409
145.411
145.420
145.426
145.429
145.440
145.458
145.472
145.462
145.468
145.465
145.462
145.465
145.457
145.446
145.452
145.440
145.401
145.392
145.394
145.410
145.429
145.424
145.436
145.441
145.464
145.466
145.474
145.499
145.498
145.534
145.581
145.582
145.578
145.575
145.573
145.551
145.549
145.551
145.554
145.557
145.574
145.574
145.556
145.552
145.548
145.543
145.518
145.505
145.515
145.519
145.517
145.525
145.521
145.521
145.536
145.533
145.536
145.533
145.512
145.536
145.541
145.546
145.552
145.540
145.518
145.508
145.494
145.505
145.495
145.498
145.496
145.481
145.489
145.473
145.435
145.437
145.426
145.432
145.431
145.440
145.453
145.468
145.473
145.466
145.463
145.466
145.500
145.516
145.490
145.498
145.503
145.499
145.513
145.503
145.503
145.489
145.477
145.458
145.455
145.460
145.454
145.447
145.441
145.434
145.429
145.425
145.412
145.413
145.420
145.441
145.440
145.456
145.459
145.469
145.463
145.475
145.484
145.488
145.485
145.483
145.489
145.480
145.477
145.478
145.483
145.505
145.508
145.489
145.504
145.505
145.498
145.498
145.494
145.499
145.511
145.511
145.509
145.501
145.501
145.513
145.511
145.511
145.515
145.518
145.524
145.525
145.535
145.549
145.556
145.558
145.573
145.575
145.585
145.584
145.604
145.605
145.628
145.634
145.631
145.626
145.588
145.605
145.584
145.557
145.570
145.575
145.580
145.574
145.572
145.577
145.580
145.576
145.568
145.561
145.554
145.563
145.584
145.598
145.588
145.607
145.608
145.598
145.603
145.608
145.611
145.611
145.604
145.613
145.620
145.635
145.641
145.636
145.639
145.644
145.610
145.606
145.608
145.610
145.631
145.633
145.653
145.671
145.666
145.655
145.648
145.646
145.648
145.652
145.657
145.662
145.633
145.627
145.611
145.614
145.618
145.621
145.614
145.608
145.611
145.621
145.615
145.618
145.638
145.645
145.639
145.642
145.633
145.634
145.636
145.638
145.629
145.643
145.645
145.649
145.655
145.659
145.658
145.667
145.667
145.664
145.650
145.654
145.662
145.661
145.655
145.650
145.656
145.661
145.662
145.658
145.657
145.664
145.662
145.664
145.667
145.664
145.665
145.660
145.660
145.655
145.656
145.652
145.657
145.658
145.666
145.672
145.679
145.670
145.666
145.669
145.683
145.681
145.694
145.707
145.721
145.730
145.732
145.724
145.719
145.690
145.689
145.682
145.683
145.681
145.676
145.659
145.669
145.684
145.684
145.680
145.677
145.685
145.683
145.684
145.693
145.698
145.701
145.715
145.709
145.694
145.673
145.661
145.665
145.670
145.655
145.660
145.614
145.609
145.607
145.581
145.571
145.552
145.557
145.564
145.582
145.572
145.579
145.583
145.590
145.597
145.593
145.594
145.585
145.600
145.607
145.605
145.616
145.641
145.618
145.637
145.635
145.616
145.611
145.603
145.589
145.583
145.546
145.552
145.523
145.523
145.550
145.518
145.520
145.519
145.531
145.519
145.519
145.491
145.481
145.454
145.462
145.432
145.382
145.413
145.438
145.429
145.438
145.451
145.470
145.449
145.454
145.465
145.463
145.444
145.441
145.419
145.400
145.403
145.358
145.322
145.339
145.318
145.303
145.312
145.310
145.325
145.322
145.328
145.301
145.282
145.299
145.334
145.323
145.321
145.308
145.274
145.231
145.190
145.192
145.207
145.236
145.238
145.208
145.208
145.238
145.216
145.217
145.229
145.228
145.241
145.253
145.244
145.254
145.235
145.246
145.267
145.336
145.377
145.330
145.322
145.316
145.316
145.325
145.335
145.357
145.353
145.387
145.380
145.355
145.389
145.408
145.421
145.417
145.439
145.478
145.437
145.438
145.451
145.443
145.430
145.428
145.417
145.370
145.333
145.356
145.361
145.365
145.359
145.291
145.279
145.257
145.246
145.262
145.283
145.286
145.246
145.246
145.236
145.239
145.238
145.250
145.273
145.270
145.274
145.290
145.269
145.274
145.255
145.261
145.050
145.024
144.881
144.821
144.807
144.870
144.878
144.812
144.696
144.486
144.334
144.352
144.495
144.547
144.386
144.229
144.230
144.334
144.329
144.397
144.388
144.329
144.349
144.354
144.380
144.407
144.449
144.472
144.490
144.469
144.503
144.521
144.543
144.534
144.541
144.534
144.571
144.601
144.730
144.742
144.744
144.727
144.701
144.704
144.760
144.799
144.845
144.835
144.810
144.813
144.843
144.886
144.859
144.809
144.738
144.642
144.620
144.621
144.645
144.630
144.624
144.556
144.552
144.560
144.520
144.489
144.478
144.434
144.447
144.398
144.345
144.348
144.337
144.407
144.482
144.532
144.548
144.555
144.589
144.589
144.591
144.576
144.605
144.617
144.648
144.593
144.524
144.215
144.264
144.311
144.380
144.433
144.434
144.466
144.490
144.477
144.425
144.398
144.429
144.469
144.527
144.596
144.592
144.593
144.598
144.583
144.578
144.605
144.657
144.632
144.648
144.695
144.692
144.661
144.675
144.693
144.698
144.743
144.758
144.757
144.773
144.719
144.717
144.724
144.728
144.732
144.653
144.599
144.596
144.642
144.681
144.674
144.665
144.598
144.575
144.574
144.572
144.598
144.598
144.498
144.501
144.519
144.494
144.507
144.520
144.555
144.545
144.589
144.612
144.621
144.640
144.628
144.636
144.638
144.634
144.629
144.631
144.620
144.605
144.584
144.578
144.620
144.661
144.608
144.585
144.604
144.611
144.563
144.542
144.543
144.552
144.597
144.620
144.613
144.592
144.619
144.634
144.601
144.589
144.604
144.593
144.595
144.587
144.604
144.595
144.615
144.641
144.652
144.656
144.654
144.674
144.696
144.714
144.743
144.767
144.760
144.767
144.754
144.754
144.766
144.720
144.721
144.741
144.753
144.743
144.758
144.768
144.750
144.740
144.686
144.672
144.676
144.717
144.712
144.710
144.704
144.704
144.694
144.691
144.701
144.706
144.728
144.725
144.746
144.748
144.739
144.730
144.726
144.663
144.661
144.696
144.701
144.714
144.694
144.640
144.651
144.649
144.641
144.612
144.539
144.541
144.503
144.555
144.585
144.554
144.552
144.537
144.500
144.495
144.496
144.511
144.517
144.553
144.522
144.500
144.510
144.560
144.567
144.596
144.572
144.569
144.576
144.572
144.558
144.566
144.588
144.580
144.557
144.562
144.558
144.568
144.603
144.596
144.593
144.590
144.600
144.571
144.499
144.474
144.485
144.490
144.465
144.451
144.230
144.212
144.053
144.017
144.188
144.288
144.294
144.319
144.293
144.295
144.298
144.320
144.328
144.306
144.314
144.304
144.302
144.293
144.293
144.298
144.281
144.266
144.253
144.247
144.165
144.157
144.190
144.263
144.260
144.259
144.268
144.210
144.186
144.194
144.137
144.136
144.129
144.136
144.125
144.089
144.098
144.096
144.121
144.135
144.175
144.148
144.130
144.159
144.113
144.034
143.953
144.019
144.064
144.088
144.050
144.035
144.006
144.037
144.046
144.039
144.045
144.033
144.061
144.059
144.104
144.136
144.131
144.170
144.172
144.173
144.187
144.181
144.162
144.155
144.164
144.061
144.080
144.063
144.066
144.123
144.095
144.079
144.091
144.069
144.071
144.062
144.004
144.016
144.013
144.035
144.038
144.068
144.073
144.073
144.087
144.098
144.126
144.137
144.108
144.133
144.136
144.131
144.140
144.142
144.141
144.156
144.152
144.177
144.146
144.114
144.062
144.062
144.065
144.107
144.124
144.129
144.156
144.164
144.155
144.193
144.200
144.152
144.156
144.223
144.243
144.289
144.303
144.322
144.338
144.331
144.343
144.359
144.358
144.354
144.363
144.202
144.220
144.281
144.303
144.304
144.312
144.282
144.284
144.291
144.301
144.305
144.307
144.296
144.294
144.273
144.263
144.281
144.271
144.261
144.259
144.257
144.248
144.253
144.245
144.238
144.232
144.228
144.230
144.223
144.201
144.191
144.145
144.149
144.148
144.181
144.162
144.133
144.118
144.056
144.040
143.972
143.971
143.854
143.854
143.879
143.785
143.767
143.792
143.850
143.867
143.862
143.868
143.846
143.844
143.849
143.853
143.834
143.846
143.853
143.857
143.876
143.906
143.910
143.939
143.934
143.940
143.909
143.912
143.912
143.917
143.899
143.877
143.858
143.864
143.852
143.875
143.915
143.874
143.886
143.884
143.873
143.880
143.869
143.849
143.811
143.649
143.651
143.501
143.539
143.571
143.529
143.518
143.515
143.516
143.518
143.570
143.627
143.631
143.622
143.605
143.546
143.599
143.624
143.639
143.641
143.634
143.646
143.640
143.661
143.684
143.695
143.709
143.685
143.683
143.688
143.696
143.720
143.734
143.755
143.740
143.712
143.707
143.707
143.713
143.673
143.653
143.641
143.640
143.641
143.617
143.601
143.606
143.622
143.594
143.579
143.587
143.561
143.597
143.604
143.608
143.606
143.570
143.573
143.564
143.567
143.558
143.510
143.508
143.497
143.540
143.536
143.550
143.561
143.536
143.583
143.567
143.574
143.582
143.603
143.612
143.632
143.679
143.696
143.726
143.734
143.707
143.685
143.692
143.689
143.702
143.690
143.665
143.702
143.700
143.707
143.693
143.691
143.690
143.680
143.668
143.642
143.643
143.630
143.621
143.617
143.624
143.618
143.616
143.631
143.636
143.637
143.618
143.602
143.596
143.593
143.571
143.576
143.623
143.614
143.612
143.629
143.630
143.623
143.631
143.625
143.624
143.607
143.605
143.624
143.608
143.611
143.606
143.629
143.611
143.610
143.617
143.635
143.632
143.636
143.640
143.637
143.599
143.595
143.591
143.603
143.597
143.606
143.599
143.607
143.610
143.619
143.617
143.620
143.632
143.622
143.616
143.621
143.623
143.618
143.610
143.610
143.611
143.606
143.624
143.624
143.636
143.642
143.649
143.667
143.665
143.672
143.688
143.700
143.700
143.696
143.689
143.684
143.682
143.667
143.660
143.664
143.658
143.646
143.638
143.619
143.597
143.582
143.579
143.582
143.589
143.609
143.627
143.632
143.662
143.659
143.663
143.679
143.677
143.692
143.700
143.703
143.704
143.683
143.676
143.655
143.660
143.686
143.713
143.713
143.708
143.699
143.702
143.705
143.697
143.696
143.703
143.725
143.717
143.724
143.733
143.742
143.750
143.757
143.766
143.765
143.760
143.756
143.765
143.763
143.764
143.768
143.746
143.728
143.738
143.760
143.769
143.749
143.754
143.740
143.743
143.729
143.714
143.713
143.725
143.738
143.733
143.731
143.701
143.677
143.682
143.669
143.653
143.654
143.668
143.665
143.670
143.687
143.696
143.686
143.688
143.706
143.748
143.753
143.734
143.731
143.746
143.771
143.787
143.786
143.784
143.774
143.778
143.790
143.813
143.803
143.797
143.805
143.824
143.840
143.836
143.855
143.850
143.844
143.807
143.830
143.857
143.878
143.887
143.882
143.871
143.855
143.857
143.851
143.828
143.792
143.795
143.784
143.783
143.796
143.800
143.780
143.761
143.738
143.737
143.704
143.716
143.701
143.702
143.682
143.675
143.671
143.687
143.691
143.689
143.694
143.713
143.727
143.739
143.741
143.701
143.703
143.744
143.767
143.780
143.821
143.788
143.786
143.813
143.811
143.802
143.789
143.806
143.789
143.789
143.775
143.759
143.776
143.782
143.786
143.828
143.823
143.823
143.827
143.823
143.809
143.809
143.813
143.820
143.820
143.781
143.774
143.820
143.808
143.806
143.804
143.816
143.811
143.828
143.828
143.827
143.816
143.817
143.818
143.820
143.815
143.823
143.833
143.826
143.822
143.797
143.829
143.829
143.837
143.828
143.793
143.786
143.807
143.809
143.803
143.807
143.803
143.802
143.807
143.808
143.812
143.812
143.816
143.820
143.825
143.824
143.825
143.819
143.823
143.824
143.826
143.841
143.841
143.849
143.852
143.852
143.850
143.852
143.857
143.868
143.876
143.874
143.878
143.875
143.864
143.859
143.843
143.834
143.832
143.832
143.823
143.817
143.815
143.739
143.738
143.739
143.737
143.736
143.726
143.728
143.709
143.707
143.702
143.689
143.684
143.687
143.691
143.731
143.724
143.723
143.731
143.676
143.617
143.615
143.600
143.594
143.546
143.573
143.585
143.603
143.615
143.608
143.612
143.616
143.628
143.615
143.621
143.613
143.609
143.598
143.592
143.577
143.579
143.588
143.589
143.591
143.589
143.536
143.565
143.579
143.632
143.637
143.623
143.613
143.612
143.620
143.614
143.638
143.669
143.662
143.650
143.650
143.628
143.626
143.618
143.606
143.609
143.642
143.634
143.631
143.637
143.672
143.668
143.665
143.671
143.630
143.630
143.643
143.627
143.617
143.613
143.592
143.592
143.575
143.573
143.570
143.564
143.567
143.577
143.576
143.575
143.558
143.557
143.565
143.567
143.571
143.567
143.579
143.592
143.588
143.582
143.586
143.571
143.570
143.545
143.545
143.549
143.551
143.549
143.533
143.543
143.549
143.558
143.560
143.569
143.557
143.547
143.545
143.526
143.533
143.534
143.527
143.503
143.357
143.355
143.406
143.384
143.338
143.346
143.360
143.362
143.374
143.369
143.380
143.377
143.376
143.361
143.344
143.323
143.330
143.363
143.364
143.369
143.380
143.373
143.349
143.356
143.356
143.355
143.350
143.327
143.283
143.279
143.288
143.294
143.307
143.290
143.273
143.185
143.194
143.201
143.116
143.091
143.106
143.106
143.100
143.103
143.138
143.137
143.162
143.166
143.180
143.180
143.183
143.217
143.240
143.265
143.270
143.290
143.281
143.248
143.213
143.206
143.208
143.220
143.242
143.255
143.263
143.286
143.293
143.278
143.272
143.255
143.255
143.235
143.225
143.266
143.269
143.265
143.269
143.267
143.278
143.281
143.277
143.279
143.272
143.287
143.290
143.295
143.312
143.307
143.321
143.328
143.337
143.341
143.341
143.334
143.332
143.318
143.320
143.304
143.303
143.261
143.271
143.274
143.283
143.288
143.308
143.302
143.293
143.288
143.297
143.310
143.312
143.313
143.320
143.310
143.306
143.297
143.324
143.351
143.350
143.356
143.348
143.351
143.369
143.371
143.377
143.408
143.421
143.420
143.413
143.404
143.423
143.423
143.439
143.434
143.433
143.430
143.420
143.411
143.415
143.425
143.428
143.429
143.426
143.429
143.430
143.420
143.418
143.390
143.385
143.390
143.388
143.390
143.395
143.406
143.405
143.407
143.400
143.386
143.382
143.348
143.350
143.341
143.334
143.329
143.302
143.303
143.299
143.279
143.279
143.278
143.289
143.293
143.348
143.351
143.349
143.388
143.391
143.393
143.377
143.377
143.383
143.378
143.380
143.388
143.424
143.433
143.398
143.396
143.414
143.401
143.351
143.379
143.384
143.384
143.357
143.348
143.348
143.379
143.401
143.410
143.424
143.428
143.411
143.384
143.381
143.382
143.403
143.403
143.388
143.386
143.385
143.398
143.355
143.342
143.382
143.382
143.390
143.392
143.392
143.394
143.392
143.347
143.343
143.358
143.375
143.360
143.374
143.393
143.401
143.404
143.404
143.413
143.420
143.422
143.439
143.436
143.436
143.436
143.458
143.515
143.521
143.517
143.530
143.528
143.516
143.467
143.496
143.503
143.517
143.517
143.527
143.523
143.518
143.511
143.527
143.534
143.483
143.512
143.497
143.489
143.496
143.505
143.494
143.489
143.474
143.467
143.436
143.445
143.456
143.453
143.466
143.469
143.471
143.470
143.446
143.457
143.435
143.344
143.353
143.386
143.391
143.370
143.370
143.357
143.318
143.316
143.333
143.325
143.323
143.331
143.333
143.382
143.396
143.409
143.400
143.423
143.406
143.403
143.399
143.407
143.398
143.395
143.396
143.440
143.448
143.444
143.426
143.422
143.427
143.402
143.395
143.404
143.406
143.450
143.467
143.492
143.605
143.573
143.583
143.573
143.561
143.554
143.512
143.523
143.562
143.579
143.582
143.575
143.563
143.548
143.543
143.452
143.480
143.408
143.435
143.445
143.436
143.432
143.423
143.484
143.480
143.473
143.487
143.491
143.510
143.541
143.540
143.588
143.601
143.614
143.641
143.617
143.613
143.602
143.614
143.625
143.610
143.562
143.569
143.560
143.537
143.542
143.542
143.541
143.556
143.495
143.496
143.489
143.482
143.463
143.485
143.488
143.497
143.323
143.217
143.201
143.274
143.226
143.162
143.227
143.250
143.241
143.286
143.285
143.331
