143.628
143.663
143.641
143.709
143.760
143.948
143.912
143.954
144.066
144.041
143.977
144.022
144.081
144.058
144.070
144.048
144.008
144.006
144.010
143.987
143.969
143.923
143.851
143.848
143.813
143.818
143.879
143.957
143.947
143.976
143.962
143.901
143.965
143.919
143.892
144.013
144.021
143.954
144.009
144.043
144.055
144.077
144.048
144.020
144.082
144.089
144.143
144.108
144.091
144.135
144.106
144.097
144.119
144.055
144.070
144.096
144.074
144.128
144.125
144.131
144.013
144.029
143.941
143.874
143.942
143.982
143.897
143.887
143.877
143.869
143.874
143.949
143.979
143.988
143.994
143.961
143.927
143.955
143.954
143.941
143.946
143.933
143.931
143.927
143.907
143.923
143.926
143.954
143.950
143.942
143.938
143.931
143.874
143.776
143.834
143.863
143.882
143.889
143.856
143.839
143.775
143.731
143.770
143.800
143.794
143.780
143.767
144.106
144.046
143.975
143.927
143.972
143.991
144.048
143.985
144.003
144.003
143.897
144.018
144.075
145.496
145.185
143.981
143.981
146.835
146.101
147.276
147.479
147.249
147.002
146.958
147.208
147.438
147.384
147.491
147.548
147.610
147.646
147.576
147.617
147.623
147.589
147.494
147.458
147.479
147.437
147.483
147.586
147.703
147.764
147.757
147.779
147.770
147.774
147.783
147.782
147.816
147.860
147.874
147.876
147.864
147.879
147.879
147.882
147.878
147.919
147.921
147.928
147.874
147.897
147.873
147.842
147.294
147.332
147.360
147.427
147.380
147.393
147.600
147.591
147.466
147.429
147.418
147.400
147.321
147.434
147.496
147.524
147.547
147.489
147.380
147.467
147.443
147.478
147.499
147.473
147.476
147.489
147.454
147.701
147.585
147.645
147.639
147.571
147.545
147.549
147.519
147.494
147.462
147.445
147.336
147.432
147.504
147.535
147.452
147.459
147.476
147.455
147.480
147.488
147.505
147.460
147.425
147.436
147.430
147.425
147.334
147.273
147.295
147.297
147.336
147.335
147.409
147.456
147.439
147.452
147.445
147.437
147.433
147.441
147.425
147.492
147.485
147.475
147.363
147.296
147.298
147.250
147.243
147.250
147.227
147.237
147.343
147.354
147.316
147.294
147.279
147.244
147.257
147.264
147.287
147.304
147.303
147.267
147.299
147.353
147.428
147.471
147.407
147.340
147.355
147.350
147.346
147.347
147.335
147.326
147.321
147.341
147.315
147.317
147.267
147.272
147.295
147.269
147.268
147.259
147.270
147.277
147.292
147.311
147.296
147.333
147.350
147.372
147.315
147.318
147.333
147.348
147.361
147.409
147.433
147.449
147.459
147.447
147.409
147.380
147.436
147.441
147.412
147.407
147.452
147.440
147.421
147.448
147.439
147.470
147.416
147.434
147.412
147.405
147.392
147.374
147.388
147.400
147.482
147.566
147.556
147.547
147.586
147.589
147.565
147.540
147.591
147.596
147.594
147.600
147.621
147.620
147.655
147.646
147.639
147.626
147.600
147.596
147.601
147.623
147.641
147.666
147.687
147.754
147.784
147.810
147.811
147.854
147.849
147.820
147.799
147.808
147.791
147.802
147.810
147.815
147.818
147.831
147.831
147.819
147.799
147.823
147.820
147.827
147.834
147.816
147.864
147.893
147.896
147.963
147.932
147.885
147.863
147.885
147.865
147.811
147.800
147.758
147.787
147.770
147.766
147.760
147.768
147.737
147.734
147.714
147.650
147.616
147.627
147.646
147.641
147.628
147.624
147.644
147.731
147.725
147.746
147.703
147.680
147.702
147.684
147.670
147.658
147.680
147.673
147.691
147.647
147.641
147.646
147.654
147.652
147.655
147.667
147.674
147.665
147.668
147.665
147.684
147.668
147.682
147.703
147.692
147.674
147.667
147.676
147.619
147.598
147.599
147.588
147.517
147.498
147.369
147.456
147.518
147.502
147.441
147.401
147.366
147.414
147.518
147.463
147.453
147.465
147.566
147.578
147.524
147.552
147.580
147.539
147.561
147.573
147.566
147.558
147.553
147.551
147.592
147.590
147.608
147.653
147.643
147.657
147.691
147.692
147.694
147.683
147.701
147.666
147.654
147.662
147.653
147.659
147.641
147.665
147.698
147.720
147.728
147.709
147.730
147.713
147.714
147.710
147.695
147.671
147.677
147.686
147.679
147.676
147.625
147.610
147.554
147.577
147.602
147.567
147.588
147.612
147.618
147.586
147.586
147.542
147.544
147.544
147.565
147.550
147.529
147.577
147.562
147.542
147.503
147.517
147.524
147.556
147.563
147.556
147.573
147.566
147.573
147.515
147.530
147.544
147.534
147.538
147.537
147.546
147.547
147.552
147.568
147.565
147.580
147.574
147.557
147.555
147.564
147.553
147.537
147.520
147.581
147.557
147.548
147.557
147.580
147.566
147.617
147.611
147.592
147.585
147.601
147.599
147.584
147.565
147.584
147.583
147.587
147.592
147.596
147.596
147.571
147.553
147.540
147.536
147.590
147.611
147.598
147.597
147.618
147.628
147.627
147.657
147.664
147.671
147.655
147.657
147.669
147.659
147.627
147.622
147.681
147.683
147.665
147.655
147.674
147.680
147.668
147.659
147.629
147.641
147.634
147.610
147.637
147.657
147.652
147.647
147.645
147.663
147.663
147.658
147.620
147.650
147.633
147.601
147.604
147.661
147.681
147.680
147.692
147.683
147.650
147.649
147.648
147.637
147.653
147.623
147.610
147.632
147.620
147.596
147.614
147.639
147.652
147.670
147.656
147.669
147.649
147.620
147.643
147.650
147.631
147.667
147.670
147.688
147.682
147.668
147.680
147.690
147.691
147.641
147.632
147.651
147.656
147.649
147.634
147.655
147.639
147.617
147.613
147.618
147.612
147.596
147.540
147.451
147.438
147.348
147.354
147.417
147.421
147.430
147.489
147.524
147.526
147.470
147.545
147.560
147.514
147.518
147.491
147.468
147.459
147.455
147.398
147.388
147.365
147.394
147.309
147.284
147.301
147.279
147.291
147.272
147.265
147.247
147.249
147.250
147.167
147.145
147.187
147.201
147.322
147.268
147.219
147.218
147.155
147.165
147.145
147.110
147.102
147.096
147.095
147.101
147.176
147.137
147.122
147.120
147.090
147.086
147.087
147.091
147.093
147.091
147.094
147.116
147.210
147.156
147.143
147.117
147.130
147.098
147.164
147.174
147.148
147.162
147.183
147.170
147.150
147.169
147.202
147.187
147.191
147.196
147.162
147.136
147.124
147.120
147.097
147.098
147.065
147.018
147.003
146.951
146.985
146.972
146.982
146.960
147.004
146.998
146.949
146.973
146.969
146.979
147.003
147.036
147.072
147.049
147.050
147.058
147.016
147.041
147.086
147.140
147.108
147.091
147.042
147.048
147.039
147.000
147.014
146.999
147.021
147.019
147.001
146.953
146.944
146.885
146.878
146.875
146.882
146.921
146.876
146.876
146.922
146.913
146.905
146.904
146.905
146.796
146.730
146.760
146.757
146.790
146.757
146.745
146.721
146.659
146.592
146.575
146.535
146.520
146.565
146.568
146.644
146.655
146.696
146.690
146.680
146.713
146.758
146.738
146.775
146.785
146.739
146.757
146.773
146.759
146.802
146.818
146.871
146.895
146.966
146.958
146.971
146.960
147.102
147.096
147.090
147.087
147.031
146.998
147.031
147.080
147.080
147.104
147.133
147.090
147.055
147.037
147.099
147.104
147.100
147.055
147.087
147.062
147.111
147.087
147.115
147.112
147.082
147.129
147.122
147.145
147.150
147.090
147.029
147.071
147.066
147.060
147.055
147.062
147.061
147.129
147.125
147.088
147.042
147.056
147.044
147.032
147.026
146.961
146.987
146.989
147.008
147.012
146.991
146.996
146.950
146.957
146.938
146.901
146.915
146.916
146.907
146.901
146.889
146.886
146.816
146.797
146.827
146.788
146.807
146.852
146.842
146.836
146.770
146.802
146.847
146.848
146.891
146.889
146.870
146.801
146.808
146.783
146.771
146.778
146.764
146.809
146.791
146.768
146.786
146.763
146.772
146.803
146.756
146.788
146.743
146.757
146.752
146.854
146.808
146.806
146.793
146.800
146.789
146.802
146.826
146.805
146.856
146.862
146.891
146.887
146.915
146.923
146.997
146.981
146.969
146.936
146.943
146.929
146.932
146.940
146.932
146.901
146.915
146.905
146.919
146.929
146.917
146.936
146.933
146.945
146.927
146.916
146.945
146.938
146.938
146.852
146.818
146.822
146.819
146.801
146.776
146.782
146.806
146.826
146.821
146.820
146.824
146.824
146.859
146.839
146.846
146.860
146.862
146.881
146.860
146.827
146.835
146.842
146.825
146.809
146.781
146.795
146.794
146.791
146.823
146.816
146.808
146.809
146.814
146.816
146.798
146.793
146.788
146.780
146.773
146.744
146.754
146.791
146.772
146.755
146.774
146.782
146.791
146.804
146.820
146.810
146.771
146.775
146.786
146.784
146.771
146.764
146.738
146.710
146.728
146.748
146.628
146.651
146.576
146.622
146.601
146.649
146.632
146.686
146.674
146.648
146.658
146.661
146.675
146.664
146.634
146.620
146.616
146.626
146.595
146.614
146.583
146.518
146.532
146.566
146.516
146.511
146.510
146.491
146.509
146.552
146.517
146.536
146.487
146.552
146.604
146.599
146.611
146.612
146.611
146.576
146.522
146.507
146.378
146.395
146.324
146.328
146.321
146.368
146.401
146.406
146.358
146.331
146.335
146.314
146.317
146.206
146.169
146.225
146.154
146.102
145.920
146.121
146.104
146.105
146.093
146.149
146.163
146.149
146.146
145.803
145.929
145.967
145.890
145.818
145.885
145.838
145.749
145.698
145.725
145.811
145.821
145.893
145.925
145.936
145.830
145.797
145.822
145.811
145.801
145.752
145.765
145.722
145.719
145.691
145.658
145.600
145.548
145.595
145.602
145.492
145.561
145.632
145.690
145.712
145.719
145.711
145.729
145.805
145.815
145.812
145.768
145.741
145.684
145.676
145.756
145.751
145.735
145.697
145.766
145.736
145.762
145.728
145.799
146.137
146.256
146.347
146.437
146.327
146.252
146.189
146.080
145.951
145.983
145.976
145.947
145.850
145.790
145.787
145.884
145.899
145.929
146.016
145.991
145.969
146.019
146.093
146.031
146.043
146.119
146.082
145.915
145.948
145.897
145.871
145.853
145.794
145.786
145.722
145.691
145.606
145.512
145.591
145.656
145.759
145.684
145.759
145.738
145.761
145.782
145.771
145.734
145.703
145.623
145.718
145.790
145.825
145.778
145.791
145.766
145.852
145.815
145.823
145.827
145.829
145.863
145.801
145.862
145.853
145.812
145.834
145.907
145.977
145.926
145.810
145.765
145.803
145.762
145.746
145.742
145.664
145.637
145.601
145.592
145.553
145.617
145.667
145.648
145.678
145.618
145.633
145.651
145.688
145.650
145.656
145.642
145.674
145.642
145.674
145.651
145.647
145.665
145.666
145.698
145.706
145.691
145.698
145.719
145.733
145.743
145.745
145.739
145.731
145.767
145.792
145.840
145.828
145.874
145.912
145.921
145.921
145.900
145.877
145.852
145.836
145.814
145.829
145.843
145.828
145.820
145.795
145.820
145.826
145.807
145.822
145.839
145.864
145.853
145.847
145.794
145.801
145.808
145.810
145.804
145.809
145.791
145.808
145.807
145.832
145.829
145.816
145.820
145.799
145.789
145.783
145.781
145.783
145.799
145.817
145.820
145.823
145.835
145.818
145.826
145.794
145.816
145.814
145.796
145.768
145.782
145.773
145.778
145.758
145.781
145.751
145.775
145.785
145.741
145.724
145.692
145.628
145.683
145.649
145.682
145.698
145.687
145.696
145.704
145.753
145.753
145.760
145.759
145.741
145.732
145.738
145.706
145.716
145.687
145.665
145.653
145.653
145.619
145.621
145.627
145.610
145.616
145.642
145.655
145.653
145.654
145.664
145.647
145.647
145.657
145.667
145.675
145.673
145.655
145.665
145.687
145.699
145.763
145.746
145.735
145.731
145.733
145.721
145.711
145.691
145.694
145.692
145.695
145.699
145.692
145.727
145.741
145.737
145.707
145.702
145.721
145.745
145.763
145.755
145.762
145.765
145.734
145.734
145.744
145.752
145.794
145.768
145.782
145.751
145.751
145.756
145.769
145.742
145.754
145.740
145.744
145.757
145.754
145.768
145.778
145.768
145.771
145.764
145.767
145.756
145.775
145.768
145.774
145.761
145.786
145.774
145.777
145.774
145.760
145.769
145.765
145.765
145.770
145.775
145.763
145.756
145.752
145.750
145.785
145.775
145.767
145.777
145.784
145.786
145.771
145.780
145.781
145.793
145.789
145.785
145.805
145.810
145.820
145.831
145.843
145.837
145.827
145.817
145.838
145.814
145.812
145.814
145.811
145.828
145.807
145.828
145.837
145.830
145.828
145.815
145.806
145.800
145.795
145.802
145.806
145.845
145.825
145.824
145.830
145.828
145.825
145.840
145.829
145.841
145.835
145.830
145.819
145.828
145.831
145.841
145.833
145.846
145.857
145.859
145.868
145.868
145.866
145.888
145.888
145.886
145.893
145.890
145.894
145.885
145.895
145.906
145.907
145.903
145.904
145.906
145.907
145.921
145.921
145.904
145.911
145.919
145.892
145.882
145.864
145.876
145.874
145.874
145.857
145.866
145.870
145.856
145.865
145.880
145.880
145.878
145.848
145.852
145.876
145.876
145.864
145.861
145.847
145.844
145.860
145.855
145.866
145.823
145.831
145.851
145.857
145.869
145.868
145.876
145.872
145.864
145.852
145.847
145.839
145.856
145.835
145.828
145.825
145.820
145.830
145.828
145.820
145.825
145.822
145.820
145.832
145.851
145.858
145.859
145.875
145.839
145.847
145.825
145.874
145.872
145.896
145.921
145.908
145.890
145.893
145.900
145.893
145.912
145.894
145.902
145.911
145.948
145.933
145.934
145.927
145.915
145.913
145.922
145.947
145.949
145.955
145.959
145.955
145.960
145.966
145.987
145.976
145.969
145.967
145.941
145.946
145.952
145.946
145.943
145.959
145.963
145.970
145.965
145.960
145.952
145.953
145.954
145.955
145.966
145.963
145.957
145.963
145.951
145.964
145.961
145.964
145.979
145.984
145.994
145.993
145.999
146.006
146.004
146.015
146.008
146.000
146.012
146.012
146.023
146.024
146.018
146.022
146.044
146.050
146.056
146.058
146.050
146.052
146.055
146.061
146.081
146.110
146.109
146.136
146.144
146.143
146.160
146.152
146.164
146.154
146.146
146.153
146.142
146.098
146.107
146.115
146.114
146.120
146.120
146.120
146.120
146.120
146.105
146.092
146.090
146.085
146.102
146.087
146.085
146.136
146.129
146.136
146.129
146.119
146.105
146.094
146.082
146.066
146.093
146.071
146.089
146.098
146.094
146.071
146.101
146.109
146.147
146.134
146.134
146.157
146.160
146.147
146.145
146.154
146.147
146.135
146.103
146.114
146.102
146.104
146.103
146.130
146.118
146.118
146.100
146.095
146.072
146.071
146.088
146.073
146.080
146.079
146.074
146.096
146.099
146.097
146.116
146.108
146.126
146.151
146.146
146.131
146.122
146.126
146.102
146.081
146.123
146.115
146.117
146.152
146.148
146.112
146.105
146.108
146.112
146.105
146.108
146.099
146.118
146.106
146.108
146.120
146.158
146.134
146.140
146.148
146.158
146.136
146.153
146.150
146.142
146.148
146.135
146.127
146.125
146.126
146.120
146.119
146.135
146.127
146.125
146.124
146.111
146.098
146.095
146.118
146.122
146.113
146.112
146.104
146.103
146.106
146.115
146.104
146.104
146.120
146.121
146.121
146.126
146.136
146.139
146.131
146.134
146.129
146.129
146.125
146.136
146.145
146.170
146.178
146.219
146.233
146.229
146.215
146.205
146.239
146.244
146.259
146.273
146.306
146.315
146.308
146.316
146.334
146.347
146.378
146.360
146.365
146.393
146.396
146.388
146.383
146.377
146.402
146.388
146.380
146.391
146.377
146.393
146.405
146.400
146.382
146.380
146.386
146.380
146.387
146.373
146.374
146.396
146.400
146.389
146.395
146.404
146.408
146.407
146.488
146.477
146.467
146.480
146.471
146.479
146.476
146.484
146.455
146.464
146.471
146.473
146.473
146.452
146.459
146.460
146.469
146.473
146.468
146.464
146.487
146.508
146.484
146.484
146.490
146.485
146.479
146.483
146.481
146.493
146.505
146.517
146.520
146.507
146.529
146.540
146.551
146.572
146.559
146.563
146.572
146.573
146.574
146.570
146.567
146.560
146.552
146.554
146.554
146.526
146.494
146.507
146.523
146.529
146.534
146.515
146.488
146.499
146.537
146.504
146.508
146.493
146.473
146.467
146.503
146.517
146.484
146.463
146.462
146.464
146.460
146.473
146.481
146.496
146.481
146.478
146.480
146.480
146.478
146.508
146.489
146.485
146.479
146.468
146.473
146.463
146.452
146.449
146.453
146.437
146.454
146.443
146.444
146.445
146.455
146.452
146.454
146.449
146.445
146.465
146.462
146.459
146.452
146.457
146.454
146.451
146.459
146.460
146.464
146.471
146.469
146.469
146.472
146.472
146.468
146.467
146.464
146.468
146.453
146.453
146.442
146.442
146.443
146.441
146.447
146.448
146.446
146.451
146.455
146.475
146.451
146.432
146.441
146.447
146.429
146.433
146.435
146.434
146.435
146.430
146.437
146.442
146.452
146.446
146.442
146.445
146.448
146.453
146.456
146.483
146.484
146.493
146.505
146.508
146.504
146.490
146.494
146.464
146.466
146.483
146.481
146.480
146.465
146.470
146.469
146.464
146.471
146.478
146.491
146.490
146.487
146.487
146.490
146.489
146.485
146.483
146.477
146.466
146.449
146.443
146.443
146.448
146.454
146.442
146.444
146.446
146.446
146.456
146.448
146.462
146.475
146.444
146.444
146.433
146.429
146.445
146.440
146.441
146.440
146.457
146.442
146.439
146.445
146.454
146.455
146.439
146.440
146.455
146.447
146.452
146.446
146.446
146.453
146.456
146.440
146.443
146.446
146.454
146.447
146.445
146.446
146.444
146.440
146.437
146.438
146.441
146.476
146.478
146.472
146.498
146.530
146.531
146.519
146.523
146.523
146.533
146.561
146.591
146.646
146.680
146.630
146.748
146.748
146.739
146.752
146.775
146.735
146.751
146.734
146.786
146.750
146.742
146.711
146.718
146.689
146.682
146.685
146.701
146.716
146.756
146.734
146.738
146.731
146.715
146.731
146.722
146.729
146.733
146.738
146.709
146.695
146.684
146.665
146.669
146.676
146.735
146.728
146.710
146.704
146.703
146.659
146.680
146.671
146.708
146.711
146.694
146.662
146.597
146.604
146.552
146.585
146.556
146.527
146.545
146.501
146.473
146.469
146.448
146.474
146.512
146.517
146.508
146.532
146.542
146.549
146.573
146.552
146.538
146.529
146.500
146.473
146.438
146.452
146.439
146.430
146.472
146.439
146.394
146.384
146.361
146.392
146.395
146.419
146.396
146.390
146.369
146.391
146.436
146.442
146.447
146.461
146.478
146.419
146.431
146.472
146.456
146.455
146.462
146.488
146.467
146.421
146.431
146.439
146.440
146.479
146.518
146.544
146.538
146.551
146.498
146.478
146.507
146.463
146.435
146.458
146.430
146.448
146.382
146.384
146.358
146.340
146.304
146.326
146.312
146.352
146.306
146.344
146.328
146.340
146.323
146.299
146.276
146.273
146.196
146.232
146.224
146.216
146.249
146.241
146.226
146.199
146.194
146.103
146.185
146.136
146.107
146.131
146.146
146.152
146.172
146.202
146.202
146.168
146.158
146.095
146.103
146.139
146.123
146.121
146.054
146.000
145.990
146.078
146.073
146.109
146.110
146.084
146.032
146.056
146.017
146.055
146.008
146.034
146.042
146.070
146.053
146.036
146.000
145.991
145.996
145.955
145.887
145.839
145.866
145.871
145.885
145.905
145.925
145.896
145.899
145.909
145.909
145.954
145.976
146.023
146.063
146.057
145.994
145.972
146.036
146.012
146.041
146.048
145.999
146.014
146.014
146.022
145.997
146.012
146.022
145.984
146.060
146.053
146.026
145.997
145.989
145.987
145.979
146.013
146.030
146.029
146.063
146.061
146.096
146.105
146.117
146.140
146.152
146.171
146.190
146.203
146.192
146.205
146.225
146.240
146.210
146.231
146.234
146.225
146.243
146.236
146.228
146.245
146.204
146.243
146.210
146.232
146.220
146.231
146.287
146.279
146.271
146.300
146.295
146.318
146.324
146.293
146.307
146.289
146.266
146.279
146.280
146.286
146.267
146.266
146.263
146.258
146.242
146.186
146.193
146.195
146.225
146.243
146.262
146.297
146.274
146.262
146.264
146.279
146.277
146.231
146.268
146.266
146.258
146.245
146.250
146.272
146.251
146.263
146.256
146.253
146.262
146.265
146.280
146.305
146.297
146.326
146.328
146.341
146.382
146.383
146.388
146.380
146.367
146.354
146.330
146.363
146.373
146.358
146.368
146.357
146.365
146.347
146.341
146.322
146.318
146.312
146.320
146.304
146.318
146.294
146.265
146.306
146.296
146.341
146.354
146.354
146.356
146.372
146.381
146.375
146.390
146.384
146.371
146.396
146.365
146.364
146.347
146.328
146.340
146.326
146.325
146.363
146.358
146.328
146.332
146.317
146.345
146.332
146.333
146.341
146.333
146.364
146.380
146.379
146.372
146.383
146.419
146.416
146.430
146.396
146.398
146.400
146.375
146.356
146.376
146.380
146.381
146.383
146.408
146.397
146.380
146.352
146.306
146.309
146.287
146.302
146.301
146.302
146.286
146.288
146.265
146.251
146.224
146.240
146.238
146.227
146.197
146.178
146.145
146.126
146.067
146.057
146.059
146.032
146.035
146.010
146.005
146.026
146.045
146.089
146.105
146.051
146.035
145.989
145.980
145.995
146.008
146.051
146.049
146.038
146.052
146.073
146.094
146.109
146.095
146.077
146.101
146.089
146.078
146.055
146.037
145.971
145.911
145.951
145.952
145.956
145.969
145.992
146.037
146.042
146.026
145.993
145.999
146.011
145.960
145.965
145.940
145.944
145.923
145.932
145.874
145.879
145.911
145.957
145.967
145.951
145.964
145.953
145.965
145.954
145.953
145.949
145.968
145.966
145.965
146.034
146.011
146.011
146.029
146.009
146.026
146.048
146.061
146.033
146.027
146.018
146.055
146.086
146.054
146.032
146.037
146.044
146.049
146.026
146.047
146.041
146.059
146.019
146.018
145.991
145.911
145.934
145.971
145.958
145.988
145.988
146.009
146.051
146.067
146.004
145.999
146.046
146.067
146.182
146.184
146.197
146.278
146.334
146.286
146.233
146.243
146.220
146.176
146.177
146.171
146.202
146.185
146.173
146.201
146.219
146.245
146.195
146.233
146.221
146.210
146.189
146.250
146.234
146.222
146.212
146.202
146.162
146.179
146.193
146.170
146.171
146.184
146.144
146.137
146.126
146.153
146.144
146.152
146.158
146.156
146.161
146.172
146.189
146.164
146.179
146.186
146.142
146.147
146.125
146.130
146.115
146.195
146.192
146.185
146.196
146.248
146.270
146.231
146.213
146.185
146.146
146.147
146.141
146.179
146.136
146.159
146.179
146.193
146.235
146.201
146.227
146.227
146.228
146.207
146.189
146.161
146.200
146.204
146.174
146.176
146.199
146.156
146.163
146.183
146.150
146.183
146.176
146.203
146.153
146.138
146.158
146.153
146.152
146.184
146.209
146.220
146.229
146.245
146.280
146.255
146.248
146.257
146.261
146.267
146.249
146.243
146.245
146.217
146.211
146.204
146.171
146.195
146.162
146.165
146.159
146.161
146.156
146.140
146.145
146.115
146.130
146.122
146.118
146.097
146.107
146.136
146.121
146.115
146.086
146.100
146.107
146.096
146.099
146.096
146.119
146.151
146.147
146.141
146.113
146.111
146.121
146.115
146.115
146.119
146.125
146.141
146.147
146.128
146.125
146.132
146.133
146.123
146.154
146.147
146.123
146.119
146.119
146.120
146.113
146.121
146.129
146.127
146.090
146.079
146.085
146.092
146.090
146.095
146.071
146.096
146.088
146.083
146.085
146.093
146.061
146.071
146.052
146.058
146.052
146.066
146.042
146.048
146.047
146.055
146.063
146.071
146.071
146.083
146.088
146.090
146.093
146.093
146.079
146.090
146.080
146.087
146.094
146.080
146.087
146.097
146.095
146.092
146.099
146.098
146.103
146.116
146.129
146.135
146.119
146.118
146.113
146.132
146.153
146.158
146.159
146.166
146.174
146.167
146.185
146.165
146.172
146.184
146.212
146.221
146.220
146.248
146.248
146.241
146.235
146.224
146.227
146.251
146.277
146.266
146.281
146.287
146.291
146.272
146.262
146.278
146.287
146.292
146.289
146.287
146.273
146.290
146.258
146.249
146.244
146.240
146.227
146.221
146.208
146.210
146.197
146.210
146.218
146.246
146.250
146.255
146.260
146.258
146.257
146.265
146.278
146.281
146.269
146.275
146.270
146.281
146.281
146.283
146.301
146.296
146.284
146.297
146.295
146.297
146.318
146.316
146.339
146.317
146.322
146.298
146.306
146.299
146.294
146.298
146.294
146.298
146.305
146.294
146.311
146.323
146.342
146.352
146.361
146.337
146.334
146.320
146.315
146.316
146.296
146.312
146.331
146.331
146.309
146.294
146.300
146.287
146.284
146.278
146.275
146.263
146.261
146.329
146.324
146.321
146.322
146.310
146.310
146.311
146.290
146.269
146.289
146.274
146.276
146.281
146.279
146.277
146.264
146.276
146.280
146.279
146.279
146.280
146.280
146.265
146.261
146.251
146.249
146.250
146.249
146.255
146.251
146.236
146.234
146.232
146.226
146.220
146.223
146.219
146.224
146.248
146.221
146.213
146.223
146.210
146.202
146.197
146.200
146.198
146.205
146.206
146.211
146.210
146.212
146.210
146.214
146.216
146.208
146.215
146.210
146.219
146.216
146.210
146.207
146.201
146.198
146.199
146.202
146.196
146.187
146.191
146.159
146.161
146.148
146.136
146.146
146.137
146.112
146.107
146.112
146.108
146.118
146.121
146.119
146.096
146.110
146.114
146.115
146.117
146.103
146.103
146.077
146.082
146.083
146.088
146.091
146.108
146.114
146.130
146.126
146.224
146.154
146.148
146.122
146.126
146.135
146.131
146.117
146.118
146.114
146.115
146.113
146.104
146.111
146.106
146.113
146.107
146.108
146.109
146.115
146.094
146.092
146.109
146.109
146.107
146.108
146.093
146.077
146.072
146.065
146.070
146.066
146.066
146.056
146.039
146.024
146.016
145.975
145.889
145.907
145.900
145.894
145.849
145.834
145.723
145.561
145.632
145.692
145.703
145.652
145.652
145.647
145.595
145.592
145.627
145.644
145.657
145.652
145.663
145.621
145.631
145.639
145.603
145.563
145.568
145.560
145.552
145.566
145.574
145.570
145.555
145.543
145.533
145.490
145.456
145.469
145.461
145.425
145.416
145.198
145.275
145.239
145.197
145.197
145.325
145.319
145.323
145.330
145.296
145.296
145.303
145.281
145.267
145.266
145.238
145.310
145.255
145.265
145.249
145.355
145.354
145.433
145.365
145.396
145.425
145.450
145.438
145.411
145.381
145.371
145.437
145.449
145.431
145.448
145.437
145.451
145.454
145.458
145.471
145.446
145.436
145.417
145.432
145.434
145.422
145.437
145.423
145.413
145.402
145.394
145.387
145.369
145.384
145.389
145.411
145.429
145.459
145.449
145.455
145.456
145.428
145.435
145.430
145.427
145.446
145.440
145.458
145.472
145.478
145.475
145.470
145.467
145.466
145.464
145.462
145.464
145.451
145.441
145.404
145.394
145.410
145.455
145.434
145.457
145.441
145.473
145.466
145.474
145.505
145.502
145.534
145.591
145.597
145.580
145.579
145.589
145.577
145.549
145.554
145.558
145.583
145.574
145.587
145.573
145.553
145.549
145.554
145.544
145.525
145.517
145.547
145.532
145.525
145.540
145.530
145.539
145.541
145.536
145.550
145.531
145.536
145.543
145.549
145.558
145.557
145.541
145.524
145.513
145.511
145.504
145.498
145.510
145.501
145.501
145.496
145.476
145.438
145.438
145.448
145.433
145.445
145.454
145.469
145.477
145.482
145.470
145.472
145.500
145.516
145.518
145.508
145.506
145.513
145.520
145.517
145.515
145.502
145.487
145.487
145.458
145.460
145.471
145.454
145.450
145.450
145.431
145.444
145.431
145.413
145.424
145.449
145.443
145.459
145.468
145.479
145.479
145.475
145.484
145.501
145.495
145.485
145.490
145.494
145.480
145.478
145.483
145.507
145.508
145.505
145.504
145.512
145.508
145.504
145.499
145.499
145.514
145.514
145.509
145.511
145.501
145.513
145.511
145.524
145.518
145.519
145.525
145.525
145.536
145.549
145.557
145.561
145.576
145.582
145.585
145.587
145.605
145.610
145.628
145.639
145.636
145.631
145.625
145.612
145.604
145.591
145.570
145.587
145.583
145.583
145.572
145.581
145.582
145.581
145.578
145.568
145.569
145.569
145.584
145.601
145.601
145.607
145.613
145.618
145.603
145.608
145.616
145.620
145.613
145.615
145.620
145.635
145.641
145.648
145.645
145.644
145.641
145.609
145.620
145.610
145.631
145.633
145.656
145.671
145.672
145.664
145.652
145.672
145.648
145.655
145.657
145.663
145.659
145.632
145.627
145.616
145.623
145.621
145.623
145.612
145.611
145.621
145.621
145.618
145.640
145.645
145.647
145.642
145.643
145.634
145.636
145.641
145.638
145.644
145.648
145.649
145.657
145.660
145.658
145.667
145.669
145.664
145.662
145.656
145.662
145.663
145.658
145.653
145.678
145.664
145.668
145.665
145.662
145.667
145.674
145.667
145.667
145.664
145.666
145.668
145.660
145.657
145.658
145.665
145.659
145.658
145.666
145.672
145.682
145.678
145.673
145.672
145.683
145.685
145.697
145.707
145.721
145.733
145.738
145.730
145.726
145.722
145.689
145.690
145.690
145.684
145.681
145.679
145.669
145.702
145.688
145.685
145.679
145.688
145.683
145.692
145.693
145.699
145.701
145.718
145.719
145.704
145.693
145.668
145.671
145.670
145.676
145.660
145.662
145.619
145.607
145.613
145.582
145.574
145.557
145.571
145.586
145.581
145.579
145.604
145.593
145.597
145.602
145.600
145.599
145.601
145.613
145.623
145.618
145.642
145.640
145.637
145.638
145.637
145.623
145.610
145.612
145.591
145.581
145.552
145.595
145.537
145.550
145.556
145.520
145.519
145.537
145.531
145.532
145.526
145.487
145.481
145.470
145.468
145.449
145.413
145.455
145.441
145.438
145.451
145.479
145.480
145.459
145.469
145.463
145.461
145.447
145.441
145.420
145.407
145.399
145.355
145.339
145.353
145.332
145.320
145.317
145.330
145.338
145.330
145.344
145.299
145.299
145.334
145.371
145.335
145.327
145.307
145.283
145.240
145.196
145.207
145.236
145.253
145.236
145.214
145.242
145.248
145.217
145.229
145.269
145.246
145.268
145.256
145.259
145.253
145.278
145.271
145.341
145.381
145.382
145.339
145.344
145.321
145.327
145.335
145.360
145.357
145.401
145.386
145.383
145.389
145.417
145.424
145.418
145.439
145.478
145.495
145.438
145.466
145.464
145.447
145.433
145.436
145.416
145.373
145.375
145.365
145.369
145.362
145.359
145.301
145.305
145.254
145.262
145.285
145.291
145.343
145.246
145.263
145.255
145.245
145.258
145.283
145.289
145.286
145.299
145.302
145.278
145.272
145.272
145.263
145.094
145.024
144.907
144.828
144.880
144.883
144.909
144.813
144.700
144.527
144.393
144.497
144.557
144.572
144.383
144.254
144.360
144.357
144.414
144.401
144.408
144.371
144.389
144.380
144.429
144.452
144.503
144.498
144.502
144.533
144.530
144.554
144.563
144.567
144.548
144.571
144.678
144.737
144.772
144.744
144.771
144.743
144.704
144.801
144.799
144.845
144.882
144.843
144.813
144.876
144.892
144.921
144.856
144.842
144.752
144.667
144.655
144.645
144.664
144.630
144.622
144.567
144.563
144.588
144.524
144.492
144.499
144.453
144.452
144.395
144.359
144.356
144.423
144.482
144.566
144.548
144.588
144.590
144.611
144.615
144.601
144.608
144.673
144.662
144.698
144.600
144.522
144.264
144.327
144.387
144.449
144.460
144.489
144.508
144.497
144.518
144.423
144.429
144.469
144.527
144.596
144.602
144.641
144.602
144.627
144.592
144.626
144.666
144.670
144.651
144.728
144.726
144.701
144.675
144.717
144.698
144.756
144.842
144.759
144.818
144.773
144.725
144.742
144.748
144.732
144.750
144.649
144.614
144.642
144.720
144.701
144.692
144.676
144.598
144.587
144.580
144.608
144.609
144.604
144.501
144.548
144.538
144.529
144.543
144.558
144.561
144.589
144.650
144.626
144.654
144.643
144.636
144.639
144.666
144.632
144.640
144.656
144.625
144.611
144.583
144.620
144.661
144.681
144.606
144.606
144.627
144.616
144.560
144.551
144.556
144.597
144.648
144.624
144.609
144.636
144.634
144.638
144.601
144.628
144.605
144.595
144.602
144.604
144.614
144.615
144.659
144.681
144.665
144.668
144.674
144.723
144.715
144.775
144.775
144.789
144.781
144.786
144.757
144.793
144.763
144.721
144.765
144.755
144.758
144.762
144.771
144.765
144.752
144.750
144.694
144.676
144.717
144.732
144.713
144.740
144.704
144.728
144.699
144.708
144.711
144.733
144.728
144.750
144.767
144.760
144.739
144.744
144.737
144.661
144.709
144.701
144.714
144.717
144.714
144.663
144.666
144.649
144.640
144.624
144.556
144.548
144.570
144.592
144.583
144.558
144.569
144.534
144.498
144.502
144.533
144.517
144.585
144.551
144.521
144.515
144.562
144.567
144.596
144.614
144.570
144.586
144.582
144.587
144.568
144.602
144.591
144.590
144.562
144.567
144.568
144.626
144.627
144.620
144.592
144.612
144.624
144.598
144.504
144.542
144.500
144.500
144.482
144.454
144.311
144.247
144.066
144.226
144.303
144.314
144.346
144.350
144.324
144.303
144.320
144.337
144.340
144.330
144.333
144.306
144.324
144.323
144.319
144.323
144.282
144.279
144.280
144.247
144.164
144.192
144.263
144.278
144.264
144.270
144.279
144.208
144.203
144.198
144.139
144.158
144.142
144.147
144.135
144.102
144.141
144.121
144.151
144.175
144.202
144.146
144.169
144.182
144.131
144.060
144.019
144.095
144.088
144.101
144.092
144.046
144.039
144.083
144.046
144.052
144.048
144.068
144.059
144.104
144.152
144.134
144.195
144.174
144.189
144.190
144.199
144.201
144.162
144.175
144.181
144.080
144.091
144.066
144.128
144.121
144.093
144.095
144.092
144.091
144.095
144.060
144.039
144.038
144.075
144.038
144.089
144.084
144.084
144.106
144.101
144.137
144.143
144.139
144.133
144.146
144.135
144.163
144.149
144.147
144.160
144.168
144.189
144.173
144.144
144.112
144.063
144.065
144.107
144.139
144.150
144.159
144.173
144.185
144.193
144.208
144.202
144.156
144.233
144.244
144.294
144.316
144.323
144.354
144.340
144.347
144.359
144.358
144.359
144.387
144.361
144.220
144.296
144.352
144.308
144.328
144.308
144.291
144.312
144.322
144.322
144.322
144.318
144.304
144.293
144.284
144.290
144.321
144.275
144.283
144.257
144.298
144.257
144.265
144.253
144.239
144.258
144.239
144.228
144.235
144.211
144.196
144.164
144.152
144.182
144.187
144.161
144.159
144.120
144.075
144.046
143.977
143.980
143.863
143.966
143.912
143.794
143.792
143.860
143.909
143.879
143.882
143.872
143.849
143.857
143.853
143.854
143.849
143.858
143.868
143.884
143.913
143.910
143.939
143.935
143.963
143.942
143.912
143.934
143.941
143.928
143.899
143.881
143.875
143.863
143.877
143.925
143.918
143.895
143.893
143.890
143.883
143.901
143.876
143.853
143.816
143.651
143.684
143.581
143.642
143.573
143.549
143.518
143.581
143.518
143.570
143.658
143.652
143.641
143.643
143.628
143.601
143.624
143.639
143.647
143.654
143.648
143.659
143.670
143.684
143.703
143.734
143.713
143.688
143.688
143.711
143.738
143.736
143.768
143.772
143.755
143.727
143.719
143.715
143.715
143.678
143.662
143.644
143.645
143.648
143.629
143.606
143.645
143.623
143.593
143.589
143.588
143.597
143.604
143.637
143.609
143.616
143.595
143.577
143.573
143.566
143.562
143.522
143.509
143.554
143.547
143.550
143.561
143.575
143.591
143.580
143.591
143.596
143.608
143.612
143.632
143.696
143.724
143.763
143.760
143.741
143.709
143.720
143.701
143.714
143.714
143.700
143.712
143.733
143.707
143.709
143.693
143.697
143.696
143.682
143.675
143.654
143.647
143.640
143.619
143.635
143.626
143.619
143.631
143.638
143.640
143.644
143.622
143.610
143.609
143.591
143.579
143.625
143.633
143.612
143.638
143.630
143.643
143.631
143.633
143.625
143.630
143.611
143.624
143.624
143.629
143.610
143.632
143.627
143.610
143.619
143.636
143.640
143.636
143.643
143.650
143.637
143.602
143.603
143.607
143.615
143.606
143.609
143.607
143.618
143.621
143.621
143.626
143.639
143.653
143.635
143.622
143.625
143.634
143.625
143.614
143.613
143.610
143.624
143.624
143.637
143.644
143.649
143.669
143.673
143.672
143.706
143.700
143.703
143.705
143.697
143.690
143.696
143.678
143.664
143.666
143.666
143.668
143.643
143.637
143.617
143.600
143.584
143.584
143.589
143.609
143.627
143.632
143.671
143.665
143.663
143.681
143.678
143.699
143.712
143.703
143.706
143.701
143.686
143.686
143.664
143.687
143.713
143.718
143.718
143.713
143.702
143.705
143.705
143.697
143.703
143.738
143.721
143.728
143.733
143.750
143.750
143.761
143.774
143.767
143.766
143.760
143.765
143.768
143.764
143.768
143.770
143.742
143.742
143.760
143.772
143.774
143.760
143.756
143.744
143.749
143.725
143.717
143.725
143.744
143.743
143.739
143.727
143.708
143.690
143.682
143.670
143.666
143.673
143.677
143.678
143.690
143.699
143.700
143.689
143.706
143.761
143.761
143.754
143.740
143.746
143.771
143.800
143.791
143.798
143.781
143.778
143.790
143.836
143.811
143.799
143.805
143.824
143.840
143.865
143.855
143.853
143.866
143.846
143.833
143.857
143.879
143.887
143.894
143.880
143.871
143.859
143.856
143.847
143.823
143.796
143.793
143.784
143.797
143.814
143.804
143.786
143.767
143.771
143.736
143.718
143.717
143.732
143.704
143.688
143.673
143.687
143.696
143.696
143.694
143.714
143.727
143.763
143.741
143.756
143.707
143.744
143.770
143.793
143.822
143.831
143.797
143.813
143.811
143.806
143.806
143.806
143.800
143.789
143.784
143.768
143.788
143.782
143.786
143.842
143.823
143.823
143.827
143.823
143.823
143.813
143.813
143.820
143.852
143.816
143.789
143.825
143.824
143.806
143.804
143.833
143.811
143.828
143.830
143.827
143.821
143.817
143.820
143.820
143.817
143.823
143.833
143.826
143.822
143.818
143.830
143.829
143.845
143.834
143.836
143.797
143.807
143.817
143.819
143.810
143.805
143.803
143.809
143.808
143.814
143.812
143.816
143.820
143.825
143.824
143.828
143.822
143.824
143.824
143.826
143.841
143.848
143.856
143.852
143.854
143.853
143.852
143.858
143.868
143.878
143.878
143.880
143.880
143.875
143.864
143.860
143.842
143.835
143.832
143.837
143.826
143.817
143.813
143.739
143.739
143.747
143.736
143.745
143.728
143.726
143.714
143.708
143.704
143.690
143.687
143.691
143.731
143.744
143.727
143.741
143.733
143.675
143.621
143.625
143.602
143.599
143.573
143.593
143.603
143.622
143.620
143.613
143.627
143.628
143.627
143.627
143.622
143.620
143.607
143.611
143.591
143.582
143.591
143.593
143.598
143.594
143.599
143.568
143.579
143.654
143.637
143.637
143.625
143.614
143.622
143.620
143.638
143.669
143.677
143.659
143.656
143.655
143.641
143.644
143.627
143.609
143.656
143.649
143.637
143.639
143.674
143.675
143.679
143.675
143.678
143.635
143.660
143.645
143.626
143.630
143.610
143.599
143.595
143.581
143.571
143.574
143.567
143.587
143.581
143.588
143.581
143.558
143.565
143.569
143.574
143.572
143.579
143.595
143.597
143.607
143.590
143.593
143.570
143.577
143.551
143.549
143.564
143.564
143.551
143.545
143.549
143.559
143.566
143.573
143.568
143.553
143.545
143.548
143.538
143.536
143.537
143.528
143.501
143.359
143.406
143.432
143.395
143.353
143.380
143.364
143.374
143.387
143.381
143.390
143.386
143.379
143.369
143.342
143.333
143.371
143.375
143.369
143.392
143.382
143.373
143.360
143.379
143.360
143.358
143.347
143.326
143.284
143.288
143.305
143.307
143.311
143.290
143.275
143.220
143.212
143.204
143.140
143.120
143.108
143.117
143.103
143.138
143.137
143.186
143.174
143.202
143.192
143.183
143.226
143.251
143.269
143.276
143.296
143.287
143.283
143.245
143.213
143.212
143.222
143.245
143.264
143.263
143.286
143.298
143.307
143.275
143.296
143.258
143.259
143.242
143.267
143.273
143.276
143.269
143.275
143.281
143.284
143.289
143.279
143.281
143.290
143.290
143.295
143.313
143.309
143.326
143.328
143.338
143.344
143.343
143.340
143.333
143.333
143.335
143.317
143.311
143.305
143.274
143.274
143.290
143.290
143.308
143.323
143.305
143.293
143.324
143.317
143.312
143.319
143.320
143.325
143.311
143.304
143.324
143.357
143.356
143.358
143.358
143.353
143.369
143.371
143.377
143.424
143.427
143.426
143.422
143.412
143.423
143.427
143.439
143.441
143.437
143.440
143.432
143.425
143.418
143.428
143.428
143.437
143.428
143.435
143.436
143.434
143.422
143.422
143.388
143.391
143.388
143.399
143.395
143.406
143.405
143.413
143.409
143.403
143.387
143.378
143.351
143.354
143.343
143.337
143.325
143.318
143.306
143.300
143.279
143.282
143.297
143.293
143.358
143.354
143.349
143.392
143.393
143.395
143.392
143.377
143.383
143.396
143.380
143.388
143.424
143.436
143.430
143.399
143.432
143.409
143.413
143.383
143.384
143.409
143.391
143.360
143.350
143.379
143.415
143.410
143.424
143.433
143.438
143.408
143.382
143.390
143.406
143.406
143.406
143.386
143.387
143.409
143.397
143.353
143.389
143.384
143.390
143.394
143.392
143.397
143.394
143.393
143.349
143.358
143.375
143.378
143.382
143.393
143.401
143.404
143.420
143.442
143.422
143.422
143.441
143.439
143.438
143.442
143.458
143.518
143.530
143.517
143.537
143.528
143.526
143.514
143.502
143.503
143.517
143.531
143.527
143.534
143.521
143.527
143.527
143.536
143.533
143.512
143.515
143.494
143.496
143.505
143.504
143.494
143.491
143.472
143.462
143.445
143.465
143.458
143.468
143.472
143.473
143.473
143.467
143.457
143.476
143.439
143.353
143.393
143.393
143.403
143.374
143.377
143.356
143.316
143.333
143.342
143.326
143.334
143.333
143.389
143.417
143.409
143.408
143.430
143.421
143.414
143.400
143.411
143.405
143.396
143.396
143.446
143.448
143.453
143.466
143.422
143.427
143.426
143.406
143.406
143.406
143.450
143.468
143.492
143.700
143.614
143.583
143.597
143.577
143.569
143.553
143.523
143.602
143.598
143.583
143.584
143.573
143.560
143.554
143.546
143.491
143.483
143.435
143.465
143.472
143.437
143.437
143.506
143.493
143.476
143.515
143.505
143.529
143.551
143.551
143.594
143.618
143.614
143.645
143.657
143.624
143.617
143.614
143.635
143.628
143.643
143.572
143.591
143.563
143.542
143.563
143.547
143.559
143.555
143.499
143.500
143.510
143.480
143.487
143.542
143.497
143.508
143.345
143.249
143.278
143.310
143.239
143.246
143.318
143.249
143.286
143.293
143.384
